-0.551852
0.367601
0.658679
0.487189
-0.408931
-1.482573
0.243649
2.560144
0.406199
2.183394
0.495509
1.001612
0.064491
1.119706
-0.172261
1.429856
1.035337
-0.249055
-0.944139
-1.083857
-0.078756
0.667491
-1.121032
0.803954
-1.191549
0.916236
1.011656
0.071900
-0.542855
0.815987
0.072082
-0.051249
0.168168
1.250534
-1.512447
1.263185
-0.662433
-0.682471
0.090619
0.707784
0.976711
-0.468715
0.348018
-1.324313
0.806268
0.656935
0.270232
-1.160777
-1.794320
-1.139405
0.509506
-0.735091
0.190877
0.869476
-1.942644
0.891251
-1.939875
-0.474834
0.161021
1.231227
1.043891
1.035018
-1.125540
-1.025059
0.531403
1.067227
0.217670
-1.383615
-0.413782
0.688247
-0.426299
-0.012665
0.744386
2.355403
-0.246256
0.556213
-2.314782
1.367389
0.315209
-1.003926
0.337189
0.023536
-0.257522
-1.029375
-1.025549
0.216549
2.280653
0.619188
-0.416267
-0.024445
-0.235879
0.907772
0.272595
-0.771553
-0.209167
-0.918301
-1.148029
-1.384660
0.123772
-1.857734
0.536057
-0.128890
0.270243
0.752484
-0.389673
-1.178554
2.512939
1.341413
-1.208682
0.395778
0.119976
-1.154106
0.929037
-1.420722
-0.806024
-0.709291
-0.209114
-0.610451
0.347808
0.935696
-0.497578
-1.657420
1.874042
-0.670977
0.386539
1.399034
-0.618926
-0.796822
2.186471
0.393329
-0.397299
2.096430
0.838267
0.720581
2.663831
-0.064643
-0.673920
-1.441316
0.966880
1.022939
-0.752407
-0.253017
1.330516
0.070219
1.710626
0.016218
-0.013552
-0.409140
-0.005221
0.431851
-2.033926
-0.570184
0.010494
1.125131
-0.597909
-0.640346
0.231120
0.106463
0.136856
1.269242
0.603226
0.996846
1.303192
1.018668
0.822598
0.883565
1.403495
0.298655
-1.280514
-1.009065
1.652893
1.810463
0.206889
1.183607
0.884544
-0.310489
-1.216454
-1.115194
0.287989
-2.008025
2.194667
0.354613
-1.606726
0.663212
0.129403
-0.046114
-0.311098
-0.990180
1.793707
-1.114085
-0.267348
-0.210471
2.187056
-2.093311
-1.923718
-0.634019
-0.630204
1.098274
-0.405581
-0.250259
0.979949
-1.008396
0.498905
1.111487
-2.227366
0.100251
0.840869
-0.782950
-0.686087
-0.025275
-0.152267
1.406788
-0.841211
-0.031868
-0.800497
0.927712
-1.970362
0.299963
0.099573
1.044496
0.919380
-1.107214
-1.426883
0.776659
-1.793399
1.260186
0.499012
1.409798
-0.440529
-0.089805
-0.668098
0.294518
0.933204
0.389442
0.321561
0.131259
-0.958913
-0.454384
1.782417
-1.169716
0.422720
-0.881243
0.153341
0.395099
0.123419
0.059075
-0.891957
0.402951
0.740157
-0.133171
1.355291
0.042920
0.048732
-0.001731
1.462641
-0.850804
1.206461
1.329879
0.682552
0.397360
0.772202
-0.585649
-0.512419
-0.542193
0.591875
-0.843194
1.117427
0.832172
0.272341
1.046477
0.295662
1.515831
-0.117406
-0.484668
-1.941549
0.020564
-1.384591
-0.765497
2.283557
2.198931
-1.345116
-0.531504
-0.222741
-0.777545
-2.061099
-1.155364
0.842156
0.758289
0.647427
1.314894
0.397509
-1.580532
1.113859
-1.189828
-1.587884
0.983629
0.261305
-0.717969
-0.083785
-0.687742
0.304708
-0.454683
0.290019
-0.063055
0.545385
-0.894612
-0.562964
0.657807
0.941497
-0.506456
-1.043361
0.495422
1.257779
-1.132061
-1.080284
-2.238132
-1.050266
1.819142
0.111269
0.988717
-0.596571
2.539074
-0.605366
-1.505469
-2.138293
-0.864426
0.716289
1.746491
-1.653963
0.884323
-0.083200
0.781750
-0.521569
1.246858
0.942675
0.303003
-0.633969
0.823404
-1.391540
0.162689
-0.310971
0.479394
0.437733
-0.502618
1.220115
0.402020
0.166859
0.146695
-0.290483
0.021848
0.206590
0.808616
0.103994
-0.634685
0.363169
0.863214
-0.694413
0.992645
0.371792
1.316814
0.934982
0.159468
-1.963479
0.173967
-0.184098
-0.181626
-0.270824
-0.259826
-0.523379
0.141936
-1.502492
-2.308969
2.012516
-0.071280
-1.036517
0.268423
0.172911
0.701454
-1.610272
1.085310
0.862216
-0.000132
-0.718487
-0.841317
0.808157
-0.866055
-0.959591
-0.054794
-2.958237
1.540675
0.732841
0.716320
0.867214
-0.405867
-0.966444
-0.004213
0.463242
0.643776
1.324187
-0.664834
1.618319
-0.152381
-1.347669
-0.283512
1.277092
0.732359
0.701953
0.016837
-0.667596
-0.063516
0.361657
-0.926834
0.873809
-1.197335
1.456699
0.193452
0.072212
-0.441739
0.361175
-0.985688
-1.009479
-2.871768
1.364722
1.261337
-1.105279
0.140120
-0.392056
-0.377654
-1.235586
-0.736306
-1.827172
-1.375397
-0.093773
1.368736
0.063768
1.833316
0.365870
-2.448140
-0.636901
0.989064
-0.255294
-0.331875
-0.638775
2.088655
-1.047500
0.521100
0.280674
-0.081668
-0.972357
-0.394637
-0.797548
0.305403
-1.068709
-1.745850
-0.409784
0.716097
-1.170301
0.027275
0.949219
0.826630
1.679416
-0.283357
0.009571
0.044919
-0.687253
-1.866246
1.970040
-0.473300
1.551262
-2.551118
1.439453
0.881645
2.491511
0.178344
0.550894
0.414800
1.393095
0.236357
0.345129
2.096801
0.703427
-2.012672
-1.171784
0.656949
-1.885559
-0.076283
-0.687973
0.973738
0.371835
0.296863
1.000200
0.704398
-0.264387
-1.549827
0.261894
0.036856
0.406131
0.500287
1.608580
-0.315529
-0.922197
-0.340241
0.958817
0.527549
-0.786765
0.127666
0.059042
1.123939
-1.041565
1.058489
0.647557
-0.069014
-0.173645
-0.076943
-1.288183
0.167487
0.009799
-1.568633
-0.333071
-1.356162
0.432160
-0.111538
-0.121955
-0.400429
0.542918
1.601328
-1.310826
0.262334
-0.140124
0.949176
-0.343084
1.381955
0.565803
-1.454621
0.164269
0.328479
-0.786476
0.149958
0.047245
-0.177154
1.070680
1.329846
0.561272
1.201076
-0.686767
-0.665783
-0.355209
0.806841
2.909742
0.093920
1.194610
-0.047546
-1.725166
0.177608
-0.569626
0.328748
0.323807
-0.622276
-0.111664
-1.361607
-0.164889
1.626406
-0.093053
-0.029632
0.029157
0.987330
-0.309332
2.015337
-0.348120
0.775672
0.339312
0.491709
-0.102019
0.698441
-1.088110
-0.186603
-0.971851
0.249987
1.029135
0.928795
1.211669
0.288101
-0.345907
0.322125
0.342926
-0.286349
-1.276485
-1.384554
0.878865
-0.558795
-0.118164
-0.365481
1.004378
-0.196366
-0.437726
0.434939
0.805752
-1.231757
0.752139
-0.947933
2.295662
1.350131
-2.234162
0.494502
-0.467448
0.232348
1.729777
0.161276
-0.280474
0.184477
-0.971931
-0.540026
0.008571
-0.183904
0.257879
-1.126045
0.827447
1.370319
0.105601
1.467948
-0.414324
0.617868
-0.098944
1.471332
0.221937
0.866748
0.439185
-1.047027
-1.008973
0.618213
-2.640352
0.311392
-1.036642
-1.214193
0.340439
-0.085498
0.167764
-0.296207
0.763785
0.112697
-0.731477
-1.367692
0.324165
0.309180
0.560687
-1.258662
-0.900122
1.433456
0.927520
-0.323942
1.192602
0.739756
-1.374441
-0.137272
-0.412590
-0.907984
0.427673
1.678835
-0.424990
0.928253
0.053220
2.282176
-0.660789
-0.723316
1.188431
2.264328
1.833127
1.759107
1.389444
1.091712
-1.091122
-1.150477
0.006490
-0.853137
0.233976
0.303320
-1.103777
0.766430
-1.232022
0.415368
-0.729246
-0.245219
-0.460346
-1.489750
-1.139742
1.303993
-1.514627
0.530047
-0.694443
-0.698892
0.544155
-0.033975
-0.739908
-1.688458
1.229464
0.994386
0.254071
1.183580
0.358528
-0.295663
0.469862
0.419328
-1.006726
-2.062234
0.705044
-0.858811
-1.853550
-1.529815
0.565590
1.759120
-2.110852
1.067118
1.071915
0.936729
0.178340
0.903217
-1.031288
-0.097987
-0.842683
-2.645039
-0.217504
-1.277812
-1.341471
0.619122
0.736309
0.895499
0.608950
-1.359930
2.228562
-0.654934
0.208746
1.186799
0.982582
0.469236
-1.382278
-0.637819
-0.091471
0.864053
1.153826
-0.410175
-0.670372
1.508385
0.221437
0.426907
0.890020
-0.803407
0.722462
-1.471642
-0.509088
1.122932
-0.925403
0.859698
-0.571038
-0.643840
0.193450
-0.439144
0.622427
1.502014
0.599379
1.067588
1.347422
-2.192514
-0.294128
0.102855
-1.391969
-0.214502
1.429914
0.665193
-1.017445
1.676691
0.283769
0.026845
0.069704
0.114292
-1.384369
-1.226067
-1.227515
0.000457
0.313304
-1.155928
-0.825382
-1.025443
0.661686
0.001873
0.024128
-0.564622
-0.771235
-0.954501
-0.161080
-1.222139
0.109477
-0.645058
0.653773
0.715605
0.331096
0.292300
-0.478604
-0.430259
0.003968
0.758443
0.899381
-0.622817
-1.420616
-1.461517
0.722620
-0.149744
0.404836
0.060275
-0.347436
0.492815
-0.286351
-0.823577
-0.198470
0.661443
1.355193
1.667918
0.434343
-0.474064
2.630968
0.094127
1.311345
-0.782306
0.617830
0.559436
-0.844948
0.588515
-0.663035
-1.031881
-1.107729
0.027488
1.349342
0.679317
1.494058
0.049635
0.150525
-0.139820
1.037045
-0.868941
1.187567
2.578378
-1.621090
-0.312830
0.142540
0.805901
1.291105
0.297735
0.310010
-1.092514
1.113353
-1.220086
-0.110396
-0.095353
-1.855872
1.581690
0.639932
-0.037207
0.264887
-0.661932
0.760582
0.039360
-0.759297
-0.727852
0.329906
-0.272841
0.657802
0.580158
0.722100
0.592467
0.641682
-0.116197
0.524838
-0.436420
-2.248033
0.962813
1.178504
0.946813
0.299712
0.508657
0.045748
-0.211092
0.665598
-0.859472
-1.546322
0.234698
1.373828
-0.456264
0.347020
-0.094421
0.018029
0.148584
-1.607271
0.349774
-1.299761
0.274742
-0.082785
0.424479
-1.663999
-1.778503
0.709752
1.684495
-1.882652
-0.132561
0.237260
1.071792
-1.625109
0.367834
-0.629546
0.282055
1.092704
0.523387
1.714193
0.253217
0.233164
-1.107538
-0.314256
0.616958
0.247088
0.532705
-1.746637
0.262119
-1.606036
0.327910
0.238955
0.317473
0.061329
0.108492
-1.458263
-0.178258
-0.081609
0.714030
0.879782
-0.464353
-0.525915
0.110239
-1.447756
-0.895291
0.753556
-0.554973
-0.139613
0.321385
0.017628
1.321730
-0.522655
0.581825
0.480963
-0.736077
0.823765
0.164045
-0.108315
0.207112
-0.991983
0.011133
-1.400344
-0.176184
1.300539
-0.747274
0.632420
-0.657313
-0.456064
2.183542
0.876475
-0.022977
1.388768
1.885169
-0.937109
-0.492073
0.423859
1.417706
0.096370
0.929071
-0.465146
-1.624182
0.735859
0.785759
0.446491
-0.307011
0.958592
0.697244
0.701443
-0.632022
0.616383
-0.565884
0.735346
1.381471
-1.709494
-0.882072
0.730180
0.918798
-0.317841
0.660496
-0.226012
-0.056238
0.814341
0.042357
-0.670186
-0.215910
-0.159367
-0.470552
-2.502951
0.912905
0.162024
-1.316066
0.367371
-0.022053
0.086429
-0.756652
0.759428
-0.092065
0.526405
-1.242689
0.572622
-0.195400
0.366594
1.287233
0.860479
-0.457723
-0.185741
0.012283
0.602337
1.487268
-0.601920
1.005300
-0.126060
0.233408
0.856040
0.180287
0.278528
1.042150
0.113114
-0.624728
-0.501775
-2.718640
-0.373842
-0.055339
-1.016510
0.138612
-1.141493
-0.009883
0.601231
0.927011
-1.191072
-0.195268
0.341790
-0.144490
1.388903
-1.448531
-0.939413
0.048861
-1.324637
-1.771783
-0.390184
2.775954
-0.097779
-2.208150
-0.588332
-0.185516
1.245157
-0.603649
0.322774
0.408516
-0.341424
-2.202056
0.019541
-1.250640
0.038421
-0.772482
0.434909
0.203868
-0.899209
0.995117
-0.193775
-0.136405
-1.898931
-1.053570
-0.273808
0.318430
1.355931
1.151423
-2.202124
-1.086951
1.291589
0.130774
-1.128040
0.635645
-0.891143
1.246136
0.329633
-0.833090
-1.105036
-0.751170
0.390211
0.918388
-0.263418
0.359412
1.180271
-2.149606
0.766744
-1.225923
-0.069909
-0.281515
-1.869596
0.791381
-0.898685
-0.694851
-1.365482
-0.392437
-0.947608
0.156097
0.549855
-1.373121
0.381075
-0.867774
-1.128170
-0.302417
0.020688
0.355809
1.076109
-0.175036
0.145637
-0.542133
1.367293
1.027681
-0.760464
-0.022606
0.767456
-0.765032
0.809062
-0.902871
-0.347720
0.685247
-1.256050
1.200186
-0.081646
-0.311205
-0.806526
-0.653820
-0.965114
-1.376882
-0.603027
-0.205028
-0.447122
0.673039
-0.006874
-0.307995
0.505962
1.243194
-1.333909
0.101161
-2.068754
-0.885553
0.518355
-1.087036
0.940963
-0.374624
0.505308
-0.134095
-0.036207
2.949255
-0.841966
-0.283706
-1.804022
-0.382756
1.397885
1.123151
-0.054510
-1.675531
-1.100650
-1.927478
0.587208
1.595443
-0.901084
-0.294399
-0.368253
1.876254
-0.624224
0.335529
0.462536
-0.465939
1.328257
0.682722
1.134314
1.032879
0.301302
-1.032249
-1.387748
-1.360125
0.206340
-2.435922
-0.058147
-0.975727
0.775688
1.314330
1.599797
0.379824
0.797514
0.293026
-0.781851
-0.314838
-1.728048
-0.901877
0.032894
0.105306
-0.127946
-0.007269
-2.027526
0.122298
0.018720
0.541674
-0.281376
0.847762
1.071280
0.771493
1.116888
-0.378604
-0.341597
1.692845
-2.042507
-1.948195
-1.552980
1.586776
0.229775
-0.652906
-0.737744
0.471223
0.290429
0.962382
-0.602273
0.880791
0.293458
0.449112
0.364224
-0.824689
0.418470
-0.802425
0.288147
1.240586
1.382060
-0.926652
-1.347804
0.809902
0.006243
-0.856610
0.973133
-1.734746
-0.147667
0.422082
-1.606960
0.076991
1.471747
-1.004638
-0.404692
-0.594522
-0.007539
0.300705
-0.904298
-1.985953
1.544393
-0.756162
0.269697
-1.215824
1.029991
-1.706907
0.760578
0.690590
-0.253009
-0.088919
-1.361174
0.112248
-1.123987
0.165569
1.518653
1.449376
0.472506
0.136309
-0.691216
-1.479951
1.027187
0.274924
0.385664
-0.470264
-1.372687
-0.203591
-0.475661
0.792792
2.808730
0.919682
0.408601
0.422471
0.181599
-0.562392
-0.157081
0.924687
0.308233
0.928958
0.952802
-0.050039
-0.032685
-0.777887
0.926947
-0.481660
0.461166
-2.188735
-0.157653
0.082835
0.802814
0.944963
0.113149
-0.905119
-0.170561
0.013339
1.197676
0.262255
-2.040377
0.676375
-0.188779
1.044657
0.031738
-0.284161
-0.104435
0.601664
1.055270
1.643409
0.038831
-1.559627
-1.259871
1.616272
0.989263
-1.218216
-1.294619
-0.368521
0.264424
-0.161424
0.058638
-0.960985
0.389065
-0.887374
0.413041
0.857672
0.304566
0.604819
0.584922
0.466432
-1.464192
0.411984
-0.161201
-0.544960
0.163526
0.308032
-1.867600
-2.113064
0.859499
-0.902128
2.313719
-0.044829
-0.286807
0.614245
2.192239
0.070577
0.809194
-0.128185
0.866579
1.101412
-0.106680
1.778731
-2.242867
-0.328282
-1.234428
-0.126789
1.369491
-1.261018
-0.145385
1.835751
0.772698
2.769563
-1.584364
-1.381605
1.523420
0.138351
-1.566619
-0.863421
-0.614498
0.377567
0.326351
-0.271696
0.162905
-0.119334
-0.738018
2.107117
-1.601322
0.260902
0.808654
-0.938592
-0.158344
0.635426
0.445299
0.439518
-0.242443
-1.818518
1.366028
0.276739
0.997378
-0.282615
2.023010
-1.352442
1.483175
-0.782962
1.222378
0.689563
-1.659966
-1.122105
0.696121
-0.904191
-0.249141
-0.045239
-1.753404
-1.313279
-0.729703
-0.318216
1.296968
-1.354284
2.384837
-1.733884
-0.640064
0.019534
-1.245537
-0.485816
0.520179
-0.596775
-0.425145
0.035861
-0.885130
0.275391
0.109687
0.944106
0.003604
-2.771957
0.424628
-0.718066
1.055063
1.606184
-1.200795
-1.126006
-1.452727
-0.482717
0.753977
-0.150119
-0.602178
1.067057
1.674956
-0.408277
1.036081
-0.353879
-0.492682
0.872941
-0.641387
-0.562667
-0.135503
0.177054
0.544751
0.318319
0.042918
0.544454
-0.821638
-0.208828
0.569165
-0.928526
-0.545990
2.015663
-1.841940
-1.432437
1.244531
0.702627
1.304766
-2.012802
-0.728145
-0.000201
-0.991122
-0.292742
0.308436
1.420431
0.596022
-0.780379
0.134533
0.897103
-0.028716
1.489931
1.033742
1.001418
0.682416
-1.043033
0.527903
-0.015361
-0.159004
0.796871
1.545606
0.963766
-0.188574
-0.080756
0.884346
1.586625
-1.728480
-1.990543
-0.479580
0.633093
1.364674
-0.349426
0.028639
-0.593292
1.960281
0.639581
1.472991
-0.477110
-1.162819
0.414241
0.239371
2.518532
1.087118
0.604060
0.136648
0.565778
0.576859
-0.082353
0.239504
1.908785
0.021529
-0.794135
-0.914526
-0.027675
-1.664467
-1.606638
0.459375
0.758601
1.282618
-0.724441
-0.199289
-0.963794
0.086762
0.331793
0.741694
0.666849
0.368804
1.366202
1.789913
0.691072
0.336596
1.235576
1.632608
-0.377297
0.977496
0.472139
1.122213
0.474932
-0.209531
0.255847
0.077905
-1.481119
-0.831551
-1.063545
-0.226735
-1.131254
0.969994
0.489744
0.119632
0.656500
-0.988995
-2.069565
-0.586869
-0.628700
-1.578746
0.056643
-0.044752
0.024238
-0.180154
-0.756595
0.733342
-0.017341
0.644030
0.046146
0.875861
0.567737
-1.576485
-1.796090
-1.724091
0.377425
2.154072
0.742503
-2.241706
-0.467434
-1.320667
-0.684690
0.878112
-2.076541
0.937491
-1.542330
0.323581
0.286124
0.621947
-0.855700
2.511095
-0.465124
0.455600
0.704209
-0.487965
-0.677898
-1.453861
-2.209841
0.541620
0.586092
0.483574
-1.140604
0.387977
-0.223014
-0.311372
-0.311647
-0.852165
0.067446
0.165273
0.523104
0.040506
0.335184
-1.440068
-0.122632
0.989767
2.405948
-0.285739
-2.501612
-0.069179
-0.284884
-0.053542
-0.176988
-0.003037
-1.469826
-0.289930
0.575538
0.583154
2.074038
0.655358
-2.023476
-1.074998
-0.195597
0.800033
-0.849870
0.710342
-0.998117
2.079441
-0.130554
1.428692
-1.886236
0.437250
0.709993
0.722630
0.917333
0.640972
1.766066
1.086154
0.294358
-1.692641
1.781825
0.526290
0.486277
-0.929205
-0.054811
1.760280
1.288899
-0.523336
0.471537
-0.418034
-0.954938
-0.059487
-0.869208
0.992978
-1.379536
0.738277
1.421157
0.692533
1.594246
0.541287
0.065734
-0.893702
-0.552185
0.676469
1.020391
-0.452822
0.043332
0.129050
2.284517
-0.841353
-0.269923
-1.755387
-1.226319
0.111380
-0.608477
1.405586
0.841539
0.792231
-1.650278
-0.606475
2.461762
1.873356
0.503826
-0.211835
0.783996
-1.408395
1.187515
-1.382949
-0.609483
1.306820
0.336376
1.381752
-0.138171
1.241732
0.928992
-1.072800
1.583704
1.106962
0.028595
-0.825407
0.678675
0.748483
0.669751
0.865193
-0.588666
0.661073
0.654334
0.339919
-0.782371
-0.952800
0.532054
-0.556504
0.788510
-0.274611
1.887360
-0.495162
-0.387526
1.031452
-0.415603
0.360568
1.080540
2.547601
0.493919
1.502668
-0.568050
-0.693588
2.703182
1.713011
-1.322598
1.016400
-1.494430
0.737240
0.768043
0.139380
1.138421
-0.231759
-1.178119
-0.339065
-0.859799
1.270540
0.066823
-0.053183
1.607576
0.241927
-0.452153
-0.396721
-0.096119
-0.429547
-0.239962
1.934697
0.140966
0.991763
-0.862863
0.356412
1.337332
-0.476781
0.496377
-0.887628
0.344293
-0.363522
0.244585
-1.174684
0.509181
0.304008
-0.559234
-2.353348
-0.731279
-1.460838
-0.713464
-0.455542
-1.267696
-0.891267
0.831307
-0.036096
-0.413015
0.343593
1.622467
-0.504272
0.389699
0.024648
-0.426238
-1.606356
2.537842
-1.363121
0.799363
-0.315435
3.330687
-0.128364
-0.834491
-0.873112
-0.970886
-0.275078
-0.901200
-1.020158
-1.525114
0.712501
-0.503373
1.254024
1.188591
0.461374
-0.303085
0.400572
-0.215075
0.615944
-0.953650
-1.221782
1.510587
-0.367035
-0.282873
-0.556690
-0.927688
3.150244
-0.904818
0.090459
0.614568
1.565332
-0.144264
-0.215045
-1.558894
-0.410635
2.003943
0.616351
1.348112
-0.262676
0.288920
-0.509338
0.241579
-0.767535
-2.048872
0.437484
0.090856
0.448497
0.526136
0.109454
-1.582375
1.413673
-0.485345
0.240622
0.211576
1.157729
0.268752
1.192177
1.031680
-0.835541
0.986713
-0.223063
-0.636778
-1.290383
0.103811
0.761971
-1.223480
-0.910078
1.464107
-0.152727
2.264666
1.915075
0.437917
-0.912673
-0.522047
-0.063570
-1.041970
1.478071
0.320468
0.406025
0.440734
0.183139
0.377079
-0.395089
0.800670
0.805592
-1.848589
1.309965
-0.639912
-0.568781
-0.142585
-1.299974
0.009947
-0.065715
0.868823
-0.033517
2.654739
-0.966325
-3.014016
0.135297
0.110863
-0.267317
-0.340483
-0.606692
0.223230
-1.014693
0.431389
-0.706690
-0.459330
-1.462222
1.354591
-0.903283
1.787025
0.404734
1.828138
-1.497647
-0.314681
0.128251
-0.650297
-0.032491
0.615152
1.563827
-0.683727
-0.423614
0.386856
-0.047243
-1.014791
-0.734951
0.073575
2.378103
-0.333174
-0.987835
-0.531651
-0.509136
0.614508
0.915329
0.542482
-1.246334
-0.602041
-1.000123
1.367472
-0.563256
1.327366
-1.662518
0.769844
-1.667961
-0.928179
1.075017
-0.806357
-0.036090
-0.685150
-0.156672
-0.451137
-0.219662
-0.129966
2.106035
0.499409
-1.656126
0.147645
-1.827386
-1.560735
-0.232026
0.149370
1.419957
-1.957732
0.343786
0.769328
0.938036
-0.090060
-2.006096
-0.707454
-1.619644
0.310628
-0.124103
0.552453
-0.222228
-0.514222
0.186080
-1.356609
-0.537457
-0.225478
0.280679
0.715505
1.761123
-0.023111
-0.178209
-0.877604
-1.170669
-0.529989
-0.576617
-0.416075
-0.327012
2.890449
0.441246
0.173636
1.771676
-0.895274
0.259732
-1.082062
0.103229
-1.354882
-0.649444
0.098965
0.808439
-0.122187
-0.972709
-0.667669
0.709467
1.782623
-0.915961
0.179997
2.336231
-0.155985
0.316158
-0.465494
-1.110430
-1.214881
0.968488
0.510591
-0.463205
1.414663
0.218532
0.539363
1.138471
0.535766
0.340683
1.261209
-0.004229
-1.641145
1.021544
0.786900
-0.773329
-0.719588
0.501145
1.484597
-0.255603
1.568517
-1.880909
-0.004682
1.198016
0.402880
0.234408
-1.340192
0.741742
-0.221587
-0.049926
-0.642782
-0.439490
-0.794271
-0.563666
0.472569
0.699781
0.734648
0.508625
-1.742198
0.181903
0.874544
0.114841
-0.787441
-0.002109
-1.147780
-1.244896
0.676791
-0.125706
-1.201233
-1.737287
-1.059990
0.979149
-0.236639
-0.920291
-1.390535
0.366053
-0.092969
-0.539442
1.839435
0.140203
0.485119
0.629507
-0.849655
-0.562859
-0.242751
-0.882958
2.284988
1.874900
-0.002831
-1.379536
0.393581
-0.034052
-0.868354
-0.530275
-0.226625
-0.914325
0.212949
-0.877894
0.651879
-1.957501
0.253163
-2.561689
0.867002
-0.322747
-1.726724
-1.023572
1.349671
0.556133
-0.540331
-0.889726
-1.376599
-0.599901
-0.213723
0.843985
-0.666401
-0.719863
0.215804
-0.149114
-1.288915
-1.363768
-1.902088
0.816488
-0.906614
-1.876939
-1.217777
1.153113
1.024923
-1.282859
0.817680
-0.593015
0.447688
-0.905940
1.253001
0.718533
-1.181166
0.736794
-0.643466
-0.523000
1.155993
-0.541730
-0.333287
0.979997
-1.483639
0.227508
1.542616
0.389497
-1.621847
0.019242
0.930193
1.613611
-1.452267
0.139440
-0.827534
-0.255496
-0.172563
1.151645
-0.091955
-1.506791
-0.051944
-0.083959
-1.573855
0.041390
-0.089001
-1.066775
0.742871
0.186313
-1.828378
0.180810
2.172708
2.410122
1.723514
1.534443
-0.165499
0.477288
-0.104337
0.479835
0.107133
0.662430
-0.811351
2.061666
0.358642
1.590342
-0.262232
-0.467552
-0.106469
0.859591
1.401091
-2.396178
-2.250094
-1.845654
0.667590
-0.932905
0.012904
0.911496
1.054587
1.307250
0.118033
2.056270
-0.573749
-1.087506
0.655777
0.288016
1.805448
-0.021296
0.588063
0.576224
0.570679
1.057533
-0.344120
-0.129773
0.332440
-1.500403
0.452484
0.561736
-1.622272
0.126330
-0.624005
-0.069906
-0.238370
0.070816
0.493443
-0.105385
-0.405435
0.094244
-1.000116
-0.138480
-1.303318
0.759932
-0.179564
0.886615
-0.113540
-1.100335
2.042124
-1.309341
-0.228375
-0.306995
0.923224
2.069101
0.560275
-0.567871
0.999661
-0.973155
0.278429
0.797391
-0.226932
-0.339810
1.284185
0.187884
1.756067
-1.206051
0.994886
-1.436184
-0.213153
-0.448898
-1.050191
0.004130
-0.847188
-1.108305
-0.660418
0.517274
0.051660
-0.539578
0.508484
0.128312
-0.711276
0.211234
1.137863
-1.008355
0.055278
1.433164
-1.325367
-0.115293
-0.556150
-0.307087
1.200788
0.894808
0.627184
0.837014
0.473306
-0.577582
-0.986172
-0.084590
-1.244452
-0.111146
-0.194021
-0.820163
0.569230
-0.265998
0.680749
0.277136
0.861720
0.171221
0.171392
0.216295
1.639113
0.615027
0.573463
0.065996
-0.648100
-1.195795
-0.464699
2.120438
1.848867
0.825423
1.445597
0.854750
1.683578
