-0.551852
1.035337
0.299903
-1.794320
0.531403
0.337189
-1.148029
0.929037
2.186471
1.710626
0.603226
-1.216454
2.187056
-0.686087
-1.793399
0.422720
1.206461
-0.117406
0.647427
0.545385
-0.596571
-0.633969
0.103994
-0.523379
0.808157
1.618319
0.072212
-0.093773
-0.972357
-0.687253
0.703427
0.406131
-0.173645
-0.140124
-0.686767
-0.164889
-0.971851
1.004378
-0.280474
0.221937
-0.731477
0.427673
0.006490
-0.694443
0.705044
-0.217504
-0.091471
-0.571038
0.367601
-0.249055
1.250534
-1.139405
1.067227
0.023536
-1.384660
-1.420722
0.393329
0.016218
0.996846
-1.115194
-2.093311
-0.025275
1.258033
-0.881243
1.329879
-0.484668
1.314894
-0.894612
2.539074
0.823404
-0.634685
0.141936
-0.866055
-0.152381
-0.441739
1.368736
-0.394637
-1.866246
-2.012672
0.500287
-0.076943
0.949176
-0.665783
1.626406
0.249987
-0.196366
0.184477
0.866748
-1.367692
1.678835
-0.853137
-0.698892
-0.858811
-1.277812
0.864053
-0.643840
0.658679
-0.944139
-1.512447
0.509506
0.217670
-0.257522
0.123772
-0.806024
-0.397299
-0.013552
1.303192
0.287989
-1.923718
-0.152267
0.499012
0.153341
0.682552
-1.941549
0.397509
-0.562964
-0.605366
-1.391540
0.363169
-1.502492
-0.959591
-1.347669
0.361175
0.063768
-0.797548
1.970040
-1.171784
1.608580
-1.288183
-0.343084
-0.355209
-0.093053
1.029135
-0.437726
-0.971931
0.439185
0.324165
-0.424990
0.233976
0.544155
-1.853550
-1.341471
1.153826
0.193450
0.487189
-1.083857
1.263185
-0.735091
-1.383615
-1.029375
-1.857734
-0.709291
2.096430
-0.409140
1.018668
-2.008025
-0.634019
1.406788
1.409798
0.395099
0.397360
0.020564
-1.580532
0.657807
-1.505469
0.162689
0.863214
-2.308969
-0.054794
-0.283512
-0.985688
1.833316
0.305403
-0.473300
0.656949
-0.315529
0.167487
-0.591586
0.806841
-0.029632
0.928795
0.434939
-0.540026
-1.047027
0.309180
0.928253
0.303320
-0.033975
-1.529815
0.619122
-0.410175
-0.439144
-0.408931
-0.078756
-0.662433
0.190877
-0.413782
-1.025549
0.536057
-0.209114
0.838267
-0.005221
0.822598
2.194667
-0.630204
-0.841211
-0.440529
0.123419
0.772202
-1.384591
1.113859
0.941497
-2.138293
-0.310971
-0.694413
2.012516
-2.958237
1.277092
-1.009479
0.365870
-1.068709
1.551262
-1.885559
-0.922197
0.009799
0.565803
2.909742
0.029157
1.211669
0.805752
0.008571
-1.008973
0.560687
0.053220
-1.103777
-0.739908
0.565590
0.736309
-0.670372
0.622427
-1.482573
0.667491
-0.682471
0.869476
0.688247
0.216549
-0.128890
-0.610451
0.720581
0.431851
0.883565
0.354613
1.098274
-0.031868
-0.089805
0.059075
-0.585649
-0.765497
-1.189828
-0.506456
-0.864426
0.479394
0.992645
-0.071280
-0.583770
0.732359
-2.871768
-2.448140
-1.745850
-2.551118
-0.076283
-0.340241
-1.568633
-1.454621
0.093920
0.987330
0.288101
-1.231757
-0.183904
0.618213
-1.258662
2.282176
0.766430
-1.688458
1.759120
0.895499
1.508385
1.502014
0.243649
-1.121032
0.090619
-1.942644
-0.426299
0.695026
0.270243
0.347808
2.663831
-2.033926
1.403495
-1.606726
-0.405581
-0.800497
-0.668098
-0.891957
-0.512419
2.283557
-1.587884
-1.043361
0.716289
0.437733
0.371792
-1.036517
0.732841
0.701953
1.364722
-0.636901
-0.409784
1.439453
-0.687973
0.958817
0.215463
0.164269
1.194610
-0.309332
-0.345907
0.752139
0.257879
-2.640352
-0.900122
-0.660789
-1.232022
1.229464
-2.110852
0.608950
0.221437
0.599379
2.560144
0.803954
0.707784
0.891251
-0.012665
0.619188
0.752484
0.935696
-0.064643
-0.570184
0.298655
0.663212
-0.250259
0.927712
0.294518
0.402951
-0.542193
2.198931
0.983629
0.495422
1.746491
-0.502618
1.316814
0.268423
0.716320
0.016837
1.261337
0.989064
0.716097
0.881645
0.973738
0.527549
-1.356162
0.328479
-0.047546
2.015337
0.322125
-0.947933
-1.126045
0.311392
1.433456
-0.723316
0.415368
0.994386
1.067118
-1.359930
0.426907
1.067588
0.406199
-1.191549
0.976711
-1.939875
0.744386
-0.416267
-0.389673
-0.497578
-0.673920
0.010494
-1.280514
0.129403
0.979949
-1.970362
0.933204
0.740157
0.591875
-1.345116
0.261305
1.257779
-1.653963
1.220115
0.934982
0.172911
0.867214
-0.667596
-1.105279
-0.255294
-1.170301
2.491511
0.371835
-0.786765
0.432160
-0.786476
-1.725166
-0.348120
0.342926
2.295662
0.827447
-1.036642
0.927520
1.188431
-0.729246
0.254071
1.071915
2.228562
0.890020
1.347422
2.183394
0.916236
-0.468715
-0.474834
2.355403
-0.024445
-1.178554
-1.657420
-1.441316
1.125131
-1.009065
-0.046114
-1.008396
0.299963
0.389442
-0.133171
-0.843194
-0.531504
-0.717969
-1.132061
0.884323
0.402020
0.159468
0.701454
-0.405867
-0.063516
0.140120
-0.331875
0.027275
0.178344
0.754367
0.127666
-0.111538
0.149958
0.177608
0.775672
-0.286349
1.350131
1.370319
-1.214193
-0.323942
2.264328
-0.245219
1.183580
0.936729
-0.654934
-0.803407
-2.192514
0.495509
1.011656
0.348018
0.161021
-0.246256
-0.235879
2.512939
1.874042
0.966880
-0.597909
1.652893
-0.311098
0.498905
0.099573
0.321561
1.355291
1.117427
-0.222741
-0.083785
-1.080284
-0.083200
0.166859
-1.963479
-1.610272
-0.966444
0.361657
-0.392056
-0.638775
0.949219
0.550894
1.000200
0.059042
-0.121955
0.047245
-0.569626
0.339312
-1.276485
-2.234162
0.105601
0.340439
1.192602
1.833127
-0.460346
0.358528
0.178340
0.208746
0.722462
-0.294128
1.001612
0.071900
-1.324313
1.231227
0.556213
0.907772
1.341413
-0.670977
1.022939
-0.640346
1.810463
-0.990180
1.111487
1.044496
0.131259
0.042920
0.832172
-0.777545
-0.687742
-2.238132
0.781750
0.146695
0.173967
1.085310
-0.004213
-0.926834
-0.377654
2.088655
0.826630
0.414800
0.704398
1.123939
-0.400429
-0.177154
0.328748
0.491709
-1.384554
0.494502
1.467948
-0.085498
0.739756
1.759107
-1.489750
-0.295663
0.903217
1.186799
-1.471642
0.102855
0.064491
-0.542855
0.806268
1.043891
-2.314782
0.272595
-1.208682
0.386539
-0.752407
0.231120
0.206889
1.793707
-2.227366
0.919380
-0.958913
0.048732
0.272341
-2.061099
0.304708
-1.050266
-0.521569
-0.290483
-0.184098
0.862216
0.463242
0.873809
-1.235586
-1.047500
1.679416
1.393095
-0.264387
-1.041565
0.542918
1.070680
0.323807
-0.102019
0.878865
-0.467448
-0.414324
0.167764
-1.374441
1.389444
-1.139742
0.469862
-0.456564
0.982582
-0.509088
-1.391969
1.119706
0.815987
0.656935
1.035018
1.367389
-0.771553
0.395778
1.399034
-0.253017
0.106463
1.183607
-1.114085
0.100251
-1.107214
-0.454384
-0.001731
1.046477
-1.155364
-0.454683
1.819142
1.246858
0.021848
-0.181626
-0.000132
0.643776
-1.197335
-0.736306
0.521100
-0.283357
0.236357
-1.549827
1.058489
1.601328
1.329846
-0.622276
0.698441
-0.558795
0.232348
0.790890
-0.296207
-0.137272
1.091712
1.303993
0.419328
-0.097987
0.469236
-0.029110
-0.214502
-0.172261
0.072082
0.270232
-1.125540
0.315209
-0.209167
0.119976
-0.618926
1.330516
0.136856
0.884544
-0.267348
0.840869
-1.426883
1.782417
1.887534
0.295662
0.842156
0.290019
0.111269
0.942675
0.206590
-0.270824
-0.718487
1.324187
1.456699
-1.827172
0.280674
0.009571
0.345129
0.261894
0.647557
-1.310826
0.561272
-0.111664
-1.088110
-0.118164
1.729777
-0.098944
0.763785
-0.412590
-1.091122
-1.514627
-1.006726
-0.842683
-1.382278
-0.925403
1.429914
1.429856
-0.051249
-1.160777
-1.025059
-1.003926
-0.918301
-1.154106
-0.796822
0.070219
1.269242
-0.310489
-0.210471
-0.782950
0.776659
-1.169716
-0.850804
1.515831
0.758289
-0.063055
0.988717
0.303003
0.808616
-0.259826
-0.841317
-0.664834
0.193452
-1.375397
-0.081668
0.044919
2.096801
0.036856
-0.069014
0.262334
1.201076
-1.361607
-0.186603
-0.365481
0.161276
1.471332
0.112697
-1.290060
-1.150477
0.530047
-2.062234
-2.645039
-0.637819
0.859698
0.665193
-1.017445
0.024128
0.899381
0.434343
1.494058
1.113353
0.657802
0.665598
-1.663999
0.233164
-0.081609
0.480963
0.876475
0.958592
0.814341
0.526405
-0.110367
-1.191072
1.245157
-1.898931
-1.105036
-1.365482
1.367293
-0.965114
0.940963
0.587208
-1.387748
0.032894
-2.042507
0.418470
1.471747
-0.253009
-1.372687
-0.032685
-2.040377
-1.294619
-0.161201
0.866579
1.523420
-0.158344
-1.659966
-1.245537
-1.200795
-0.135503
1.304766
0.682416
1.364674
0.576859
1.256303
-0.564622
-0.622817
-0.474064
0.049635
-1.220086
-1.719340
-0.859472
-1.778503
-1.107538
0.714030
1.494926
-0.022977
0.697244
0.042357
-1.242689
0.180287
-0.195268
-0.155032
-1.053570
-0.751170
-0.392437
1.027681
-1.376882
-0.374624
1.595443
-1.360125
0.105306
-1.948195
-0.802425
-1.004638
-0.088919
-0.203591
-0.777887
0.676375
-0.368521
-0.544960
1.101412
0.138351
0.635426
-1.122105
-0.485816
-1.126006
0.177054
-2.012802
-1.043033
-0.349426
-0.082353
0.283769
-0.771235
-1.420616
2.630968
0.150525
-0.110396
0.722100
-1.546322
0.709752
-0.314256
0.879782
0.823765
1.388768
0.701443
-0.670186
0.572622
0.278528
0.341790
0.322774
-0.273808
0.390211
-0.947608
-0.760464
-0.603027
0.505308
-0.901084
0.206340
-0.127946
-1.552980
0.288147
-0.404692
-1.361174
-0.475661
0.926947
-0.188779
0.264424
0.163526
-0.106680
-1.566619
0.445299
0.696121
0.520179
-1.452727
0.544751
-0.728145
0.527903
0.028639
0.239504
0.026845
-0.954501
-1.461517
0.094127
-0.139820
-0.095353
0.592467
0.234698
1.684495
0.616958
-0.464353
0.164045
1.885169
-0.632022
-0.215910
-0.195400
1.042150
-0.144490
-0.024562
0.318430
0.918388
0.156097
-0.022606
-0.205028
-0.134095
-0.294399
-2.435922
-0.007269
1.586776
1.240586
-0.594522
0.112248
0.792792
-0.481660
1.044657
-0.161424
0.308032
1.778731
-0.863421
0.439518
-0.904191
-0.596775
-0.482717
0.318319
-0.000201
-0.015361
-0.593292
1.908785
0.069704
-0.161080
0.722620
1.311345
1.037045
-1.855872
0.641682
1.373828
-1.882652
0.247088
-0.525915
-0.108315
-0.937109
0.616383
-0.159367
0.366594
0.113114
1.388903
-0.341424
1.355931
-0.263418
0.549855
0.767456
-0.447122
-0.036207
-0.368253
-0.058147
-2.027526
0.229775
1.382060
-0.007539
-1.123987
2.808730
0.461166
0.031738
0.058638
-1.867600
-2.242867
-0.614498
-0.242443
-0.249141
-0.425145
0.753977
0.042918
-0.991122
-0.159004
1.960281
0.021529
0.114292
-1.222139
-0.149744
-0.782306
-0.868941
1.581690
-0.116197
-0.456264
-0.132561
0.532705
0.110239
0.207112
-0.492073
-0.565884
-0.470552
1.196431
-0.624728
-1.448531
-2.202056
1.151423
0.359412
-1.373121
-0.765032
0.673039
2.949255
1.876254
-0.975727
0.122298
-0.652906
-0.926652
0.300705
0.165569
0.919682
-2.188735
-0.284161
-0.960985
-2.113064
-0.328282
0.377567
-1.818518
-0.045239
0.035861
-0.150119
0.544454
-0.292742
0.796871
0.639581
-0.794135
-1.384369
0.109477
0.404836
0.617830
1.187567
0.639932
0.524838
0.347020
0.237260
-1.746637
-1.447756
-0.991983
0.423859
0.735346
-2.502951
0.860479
-0.501775
-0.939413
0.019541
-2.202124
1.180271
0.381075
0.809062
-1.011830
-0.841966
-0.624224
0.775688
0.018720
-0.737744
-1.347804
-0.904298
1.518653
0.408601
-0.157653
-0.104435
0.389065
0.859499
-1.234428
0.326351
1.366028
-1.753404
-0.885130
-0.602178
-0.821638
0.308436
1.545606
1.472991
-0.914526
-1.226067
-0.645058
0.060275
0.559436
2.578378
-0.037207
-0.436420
-0.094421
1.071792
0.262119
-0.895291
0.011133
1.417706
1.381471
0.912905
-0.457723
-2.718640
0.048861
-1.250640
-1.086951
-2.149606
-0.867774
-0.902871
-0.307995
-0.283706
0.335529
1.314330
0.541674
0.471223
0.809902
-1.985953
1.449376
0.422471
0.082835
0.601664
-0.887374
-0.902128
-0.126789
-0.271696
0.276739
-1.313279
0.275391
1.067057
-0.208828
1.420431
0.963766
-0.477110
-0.027675
-1.227515
0.653773
-0.347436
-0.844948
-1.621090
0.264887
-2.248033
0.018029
-1.625109
-1.606036
0.753556
-1.400344
0.096370
-1.709494
0.162024
-0.185741
-0.373842
-1.324637
-1.027581
1.291589
0.766744
-1.128170
-0.347720
0.505962
-1.804022
0.462536
1.599797
-0.281376
0.290429
0.006243
1.544393
0.472506
0.181599
0.802814
1.055270
0.413041
2.313719
1.369491
0.162905
0.997378
-0.729703
0.109687
1.674956
0.569165
0.596022
-0.188574
-1.162819
-1.664467
0.000457
0.715605
0.492815
0.588515
-0.312830
-0.661932
0.962813
0.148584
0.367834
0.327910
-0.554973
-0.176184
0.929071
-0.882072
-1.316066
0.012283
-0.055339
-1.771783
-0.772482
0.130774
-1.225923
-0.302417
0.685247
1.243194
-0.382756
-0.465939
0.379824
0.847762
0.962382
-0.856610
-0.756162
0.136309
-0.562392
0.944963
1.643409
0.857672
-0.044829
-1.261018
-0.119334
0.695674
-0.318216
0.944106
-0.408277
-0.928526
-0.780379
-0.080756
0.414241
-1.606638
0.313304
0.331096
-0.286351
-0.663035
0.142540
0.760582
1.178504
0.610110
-0.629546
0.238955
-0.139613
1.300539
-0.465146
0.730180
0.367371
0.602337
-1.016510
-0.390184
0.434909
-1.128040
-0.069909
0.020688
-1.256050
-1.333909
1.397885
1.328257
0.797514
1.071280
-0.602273
0.973133
0.269697
-0.691216
-0.157081
0.113149
0.038831
0.304566
-0.286807
-0.145385
-0.738018
2.023010
1.296968
0.003604
1.036081
-0.545990
0.134533
0.884346
0.239371
0.459375
-1.155928
-0.570020
-0.823577
-1.031881
0.805901
0.039360
0.946813
0.349774
0.282055
0.317473
0.321385
-0.747274
-1.624182
0.918798
-0.022053
1.487268
0.138612
2.775954
0.203868
0.635645
0.604127
0.355809
1.200186
0.101161
1.123151
0.682722
0.293026
0.771493
0.880791
-1.734746
-1.215824
-1.479951
0.924687
-0.905119
-1.559627
0.604819
0.614245
1.835751
2.107117
-1.352442
-1.354284
-2.771957
-0.353879
2.015663
0.897103
1.586625
2.518532
0.758601
-0.825382
-0.478604
-0.198470
-1.107729
1.291105
-0.759297
0.299712
-1.299761
1.092704
0.061329
0.017628
0.632420
0.735859
-0.317841
0.086429
-0.601920
-1.141493
-0.097779
-0.899209
-0.891143
-1.869596
1.076109
-0.081646
-2.068754
-0.054510
1.134314
-0.781851
1.116888
0.293458
-0.147667
1.029991
1.027187
0.308233
-0.170561
-1.259871
0.584922
2.192239
0.772698
-1.601322
1.483175
2.384837
0.424628
-0.492682
-1.841940
-0.028716
-1.728480
1.087118
1.282618
-1.025443
-0.430259
0.661443
0.027488
0.297735
-0.727852
0.508657
0.274742
0.523387
0.108492
1.321730
-0.657313
0.785759
0.660496
-0.756652
1.005300
-0.009883
-2.208150
0.995117
1.246136
0.791381
-0.175036
-0.311205
-0.885553
-1.675531
1.032879
-0.314838
-0.378604
0.449112
0.422082
-1.706907
0.274924
0.928958
0.013339
1.616272
0.466432
0.070577
2.769563
0.260902
-0.782962
-1.733884
-0.718066
0.872941
-1.432437
1.489931
-1.990543
0.604060
-0.724441
0.661686
0.003968
1.355193
1.349342
0.310010
0.329906
-0.238389
-0.082785
1.714193
-1.458263
-0.522655
-0.456064
0.446491
-0.226012
0.759428
-0.126060
0.601231
-0.588332
-0.193775
0.329633
-0.898685
0.145637
-0.806526
0.518355
-1.100650
0.301302
-1.728048
-0.341597
0.364224
-1.606960
0.760578
0.385664
0.952802
1.197676
0.989263
-1.464192
0.809194
-1.584364
0.808654
1.222378
-0.640064
1.055063
-0.641387
1.244531
1.033742
-0.479580
0.136648
-0.199289
0.001873
0.758443
1.667918
0.679317
-1.092514
-0.272841
-0.211092
0.424479
0.253217
-0.178258
0.581825
2.183542
-0.307011
-0.056238
-0.092065
0.233408
0.927011
-0.185516
-0.136405
-0.833090
-0.694851
-0.542133
-0.653820
-1.087036
-1.927478
-1.032249
-0.901877
1.692845
-0.824689
0.076991
0.690590
-0.470264
-0.050039
0.262255
-1.218216
0.411984
-0.128185
-1.381605
-0.938592
0.689563
0.019534
1.606184
-0.899482
0.702627
1.001418
0.633093
0.565778
-0.963794
0.086762
-0.209531
-1.578746
2.154072
0.455600
0.165273
-0.289930
0.437250
-0.523336
0.676469
-0.606475
-1.072800
-0.556504
1.713011
0.241927
-0.363522
0.343593
-0.275078
-0.367035
-0.262676
1.157729
1.915075
1.309965
-0.606692
-0.032491
0.915329
-0.156672
0.938036
-0.634860
0.103229
-1.110430
-0.773329
-0.439490
-0.125706
-0.562859
-1.957501
-0.719863
-0.905940
0.019242
-1.066775
2.061666
1.307250
-1.500403
0.759932
0.797391
0.517274
0.894808
0.171221
0.331793
0.255847
0.056643
0.742503
0.704209
0.523104
0.575538
0.709993
0.471537
1.020391
2.461762
1.583704
0.788510
-1.322598
-0.452153
0.244585
1.622467
-0.901200
-0.282873
0.288920
0.268752
0.437917
-0.639912
0.223230
0.615152
0.542482
-0.451137
-0.090060
-0.023111
-1.354882
-1.214881
-0.719588
-0.794271
-1.201233
-0.242751
0.253163
0.215804
1.253001
0.930193
0.742871
0.847225
0.118033
0.452484
-0.179564
-0.226932
0.051660
0.627184
0.171392
0.741694
0.077905
-0.044752
-2.241706
-0.487965
0.040506
0.583154
0.722630
-0.418034
-0.452822
1.873356
1.106962
-0.274611
1.016400
-0.396721
-1.174684
-0.504272
-1.020158
-0.556690
-0.509338
1.192177
-0.912673
-0.568781
-1.014693
1.563827
-1.246334
-0.219662
-1.284711
-0.178209
-0.649444
0.968488
0.501145
-0.563666
-1.737287
-0.882958
-2.561689
-0.149114
0.718533
1.613611
0.186313
1.590342
2.056270
0.561736
0.886615
-0.339810
-0.539578
0.837014
0.216295
0.666849
-1.481119
0.024238
-0.467434
-0.677898
0.335184
2.074038
0.917333
-0.954938
0.043332
0.503826
0.028595
1.887360
-1.494430
-0.096119
0.509181
0.389699
-1.525114
-0.927688
0.241579
1.031680
-0.522047
-0.142585
0.431389
-0.683727
-0.602041
-0.129966
-0.707454
-0.877604
0.098965
0.510591
1.484597
0.472569
-1.059990
2.284988
0.867002
-1.288915
-1.181166
-1.452267
-1.828378
-0.262232
-0.573749
-1.622272
-0.113540
1.284185
0.508484
0.473306
1.639113
0.368804
-0.831551
-0.180154
-1.320667
-1.453861
-1.440068
0.655358
0.640972
-0.059487
0.129050
-0.211835
-0.825407
-0.495162
0.737240
-0.429547
0.304008
0.024648
0.712501
3.150244
-0.767535
-0.835541
-0.063570
-1.299974
-0.706690
-0.423614
-1.000123
2.106035
-1.619644
-1.170669
0.808439
-0.463205
-0.255603
0.699781
0.979149
1.874900
-0.322747
-1.363768
0.736794
0.139440
0.180810
-0.467552
-1.087506
0.126330
-1.100335
0.187884
0.128312
-0.577582
0.615027
1.366202
-1.063545
-0.756595
-0.684690
-2.209841
-0.122632
-2.023476
1.766066
-0.869208
2.284517
0.060580
0.678675
-0.387526
0.768043
-0.239962
-0.559234
-0.426238
-0.503373
-0.904818
-2.048872
0.986713
-1.041970
0.009947
-0.459330
0.386856
1.367472
0.499409
0.310628
-0.529989
-0.122187
1.414663
1.568517
0.734648
-0.236639
-0.002831
-1.726724
-1.902088
-0.643466
-0.827534
2.172708
-0.106469
0.655777
-0.624005
2.042124
1.756067
-0.711276
-0.986172
0.573463
1.789913
-0.226735
0.733342
0.878112
0.541620
0.989767
-1.074998
1.086154
0.992978
-0.841353
-1.201412
0.748483
1.031452
0.139380
1.934697
-2.353348
-1.606356
1.254024
0.090459
0.437484
-0.223063
1.478071
-0.065715
-1.462222
-0.047243
-0.563256
-1.656126
-0.124103
-0.576617
-0.972709
0.218532
-1.880909
0.508625
-0.920291
-1.379536
-1.023572
0.816488
-0.523000
-0.255496
2.410122
0.859591
0.288016
-0.069906
-1.309341
-1.206051
0.211234
-0.084590
0.065996
0.691072
-1.131254
-0.017341
-2.076541
0.586092
2.405948
-0.195597
0.294358
-1.379536
-0.269923
1.187515
0.669751
-0.415603
1.138421
0.140966
-0.731279
2.537842
1.188591
0.614568
0.090856
-0.636778
0.320468
0.868823
1.354591
-1.014791
1.327366
0.147645
0.552453
-0.416075
-0.667669
0.539363
-0.004682
-1.742198
-1.390535
0.393581
1.349671
-0.906614
1.155993
-0.172563
1.723514
1.401091
1.805448
-0.238370
-0.228375
0.994886
1.137863
-1.244452
-0.648100
0.336596
0.969994
0.644030
0.937491
0.483574
-0.285739
0.800033
-1.692641
0.738277
-1.755387
-1.382949
0.865193
0.360568
-0.231759
0.991763
-1.460838
-1.363121
0.461374
1.565332
0.448497
-1.290383
0.406025
-0.033517
-0.903283
-0.734951
-1.662518
-1.827386
-0.222228
-0.327012
0.709467
1.138471
1.198016
0.181903
0.366053
-0.034052
0.556133
-1.876939
-0.541730
1.151645
1.534443
-2.396178
-0.021296
0.070816
-0.306995
-1.436184
-1.008355
-0.111146
-1.195795
1.235576
0.489744
0.046146
-1.542330
-1.140604
-2.501612
-0.849870
1.781825
1.421157
-1.226319
-0.609483
-0.588666
1.080540
-1.178119
-0.862863
-0.713464
0.799363
-0.384214
-0.144264
0.526136
0.103811
0.440734
2.654739
1.787025
0.073575
0.769844
-1.560735
-0.514222
2.890449
1.782623
0.535766
0.402880
0.874544
-0.092969
-0.868354
-0.540331
-1.217777
-0.333287
-0.091955
-0.165499
-2.250094
0.588063
0.493443
0.923224
-0.213153
0.055278
-0.194021
-0.464699
1.632608
0.119632
0.875861
0.323581
0.387977
-0.069179
0.710342
0.526290
0.692533
0.111380
1.306820
0.661073
2.547601
-0.339065
0.356412
-0.455542
-0.315435
0.400572
-0.215045
0.109454
0.170422
0.183139
-0.966325
0.404734
2.378103
-1.667961
-0.232026
0.186080
0.441246
-0.915961
0.340683
0.234408
0.114841
-0.539442
-0.530275
-0.889726
1.153113
0.979997
-1.506791
0.477288
-1.845654
0.576224
-0.105385
2.069101
-0.448898
1.433164
-0.820163
2.120438
-0.377297
0.656500
0.567737
0.286124
-0.223014
-0.284884
-0.998117
0.486277
1.594246
-0.608477
0.336376
0.654334
0.493919
-0.859799
1.337332
-1.267696
3.330687
-0.215075
-1.558894
-1.582375
-1.223480
0.377079
-3.014016
1.828138
-0.333174
-0.928179
0.149370
-1.356609
0.173636
0.179997
1.261209
-1.340192
-0.787441
1.839435
-0.226625
-1.376599
1.024923
-1.483639
-0.051944
-0.104337
0.667590
0.570679
-0.405435
0.560275
-1.050191
-1.325367
0.569230
1.848867
0.977496
-0.988995
-1.576485
0.621947
-0.311372
-0.053542
2.079441
-0.929205
0.541287
1.405586
1.381752
0.339919
1.502668
1.270540
-0.476781
-0.891267
-0.128364
0.615944
-0.410635
1.413673
-0.910078
-0.395089
0.135297
-1.497647
-0.987835
1.075017
1.419957
-0.537457
1.771676
2.336231
-0.004229
0.741742
-0.002109
0.140203
-0.914325
-0.599901
-1.282859
0.227508
-0.083959
0.479835
-0.932905
1.057533
0.094244
-0.567871
0.004130
-0.115293
-0.265998
0.825423
0.472139
-2.069565
-1.796090
-0.855700
-0.311647
-0.176988
-0.130554
-0.054811
0.065734
0.841539
-0.138171
-0.782371
-0.568050
0.066823
0.496377
0.831307
-0.834491
-0.953650
2.003943
-0.485345
1.464107
0.800670
0.110863
-0.314681
-0.531651
-0.806357
-1.957732
-0.225478
-0.895274
-0.155985
-1.641145
-0.221587
-1.147780
0.485119
0.212949
-0.213723
0.817680
1.542616
-1.573855
0.107133
0.012904
-0.344120
-1.000116
0.999661
-0.847188
-0.556150
0.680749
1.445597
1.122213
-0.586869
-1.724091
2.511095
-0.852165
-0.003037
1.428692
1.760280
-0.893702
0.792231
1.241732
-0.952800
-0.693588
-0.053183
-0.887628
-0.036096
-0.873112
-1.221782
0.616351
0.240622
-0.152727
0.805592
-0.267317
0.128251
-0.509136
-0.036090
0.343786
0.280679
0.259732
0.316158
1.021544
-0.049926
-1.244896
0.629507
-0.877894
0.843985
-0.593015
0.389497
0.041390
0.662430
0.911496
-0.129773
-0.138480
-0.973155
-1.108305
-0.307087
0.277136
0.854750
0.474932
-0.628700
0.377425
-0.465124
0.067446
-1.469826
-1.886236
1.288899
-0.552185
-1.650278
0.928992
0.532054
2.703182
1.607576
0.344293
-0.413015
-0.970886
1.510587
1.348112
0.211576
2.264666
-1.848589
-0.340483
-0.650297
0.614508
-0.685150
0.769328
0.715505
-1.082062
-0.465494
0.786900
-0.642782
0.676791
-0.849655
0.651879
-0.666401
0.447688
-1.621847
-0.089001
-0.811351
1.054587
0.332440
-1.303318
0.278429
-0.660418
1.200788
0.861720
1.683578
