-0.312578
-1.445556
0.884385
1.361521
-0.288696
1.317863
-1.693554
1.696912
-0.653924
1.935998
0.220256
-2.490967
-0.227560
0.287876
-0.395012
-0.220411
0.211686
-0.833329
-1.463058
-0.553817
-0.610688
-1.716066
1.180344
1.676479
0.284329
1.142401
-1.649918
1.583467
0.776637
0.254645
-0.095938
-0.801029
0.063614
-0.255291
0.039367
0.417700
-0.125090
0.490915
0.184137
0.024947
-0.980228
-0.948341
0.249653
0.667012
-0.655257
0.791825
-1.567887
1.271292
0.934304
-0.940311
-1.043678
-0.769818
0.572161
0.828131
0.318548
-0.268844
-1.603198
0.934440
-1.478630
0.072389
-1.167152
-0.868882
-0.117389
-1.634447
0.041106
-0.814828
-0.121377
-0.116082
1.725936
1.555507
-0.243257
1.160190
0.790581
-0.318024
-0.465803
-0.259212
0.123126
0.639198
1.041553
-0.848791
-1.228891
0.707161
-0.900039
0.269168
0.129750
-0.298422
-0.165804
-0.022838
1.242812
0.812149
-1.081205
0.370166
0.163098
-0.220548
-0.336024
-1.561913
0.324270
-1.149949
1.654639
-0.498742
0.927352
-0.430556
-0.114695
-0.494570
-1.298391
-2.017368
1.521881
1.337013
0.407344
-0.077129
0.200103
-0.814458
-0.774399
-0.013983
-1.341110
-1.345519
0.042491
-0.172858
0.028831
0.194721
1.040221
-0.423164
-2.266340
-1.123495
0.964920
0.649221
2.296575
0.208702
0.541117
0.256416
-0.048340
1.103265
0.688276
0.449758
0.937383
-1.107539
0.479551
-0.678374
-0.387909
0.571975
-0.129549
0.649283
-0.999283
-1.207592
-0.883966
1.733249
-0.946976
-1.156237
1.356460
0.949784
-0.814203
-0.955456
-1.045226
-2.309723
0.670388
1.636180
-0.064715
-0.380044
-0.371673
-1.026885
-0.453715
0.523059
1.410023
0.794270
-0.546367
-0.174022
0.124547
-0.512473
0.145046
0.724256
-1.052429
-1.756079
-0.207564
0.937391
-1.231694
2.851233
0.560137
-0.764536
-0.164257
0.730348
-0.621771
0.215871
-0.898225
0.517560
1.083693
-0.394827
0.632421
-0.416888
0.884311
-1.228357
1.063547
-0.447712
1.479428
0.776485
-0.463635
3.696612
1.048013
-0.467969
-0.094264
-0.526010
0.288766
0.942865
2.133171
-0.859472
0.844261
-0.520012
0.613300
-0.804030
-2.452934
-0.835323
1.092126
-0.489364
-0.699744
-0.392518
-2.125015
1.050949
-1.337759
-1.969566
-0.385371
-0.964782
0.520084
1.125157
-0.546879
-1.178394
0.125711
0.350883
-0.139286
-0.523361
-0.246235
0.946255
1.162889
-0.638452
0.428470
-1.321098
1.560619
0.217012
1.957266
-0.224724
-0.986367
-0.560360
-0.359179
0.839952
0.515765
-0.342624
-0.974380
0.423651
-1.076682
-0.743031
-1.271242
0.203849
1.981887
0.211827
-0.518130
0.684787
-0.739619
0.310003
-1.145467
-0.205285
0.594221
-0.299557
-1.463057
-0.397539
0.852477
1.288094
0.702714
0.707539
0.261216
0.004385
1.463863
1.052860
1.408474
0.392968
0.898854
2.416668
0.196448
0.856390
-0.106388
-1.280316
-0.974278
1.254798
0.070385
-0.116486
0.335068
0.274922
-0.064896
-0.568902
2.507756
-0.207530
1.381986
-0.659637
0.414021
0.237092
0.112640
0.144764
0.715779
-0.122263
-0.280028
-0.626795
-0.929818
0.648414
1.922046
2.002687
-1.066980
-1.116859
1.417859
0.078326
-0.960161
-0.317206
-1.473071
-0.828210
1.405673
0.220499
-0.816503
-0.952607
0.218762
-2.104931
0.248265
0.738507
0.049531
0.298573
-0.842608
-1.387231
-0.836187
-0.890711
1.530210
-0.019407
-0.181231
0.461132
-1.817027
0.651116
0.665309
-1.123808
-0.215438
0.505266
0.120382
-0.361100
-0.385402
-0.011702
-2.549861
-0.866398
0.343967
-1.117040
-1.512794
-0.685344
-0.570601
0.675865
-1.141314
-1.351444
0.322962
0.786139
-2.233849
1.542398
-0.484933
-1.384583
0.462413
0.044262
1.337598
-0.111878
-0.775554
-1.556402
-0.565854
-0.152757
1.943991
0.883236
0.434422
0.155534
0.475928
-1.144001
0.774669
1.331493
0.860657
-0.725149
-1.106677
0.660969
0.682194
0.856408
0.095726
0.645030
0.137129
-0.686465
-0.873217
1.885703
0.749088
0.129408
1.799802
0.138876
0.373995
0.087166
1.286073
0.224696
0.126270
-0.033442
0.334460
-1.478750
-1.812825
-1.251116
-0.278085
0.173330
-1.215249
0.660896
0.421766
-1.319132
-0.010731
0.353106
-0.832309
-0.621551
0.088622
1.209689
-1.771098
0.096395
-0.195905
1.928498
-0.557155
-1.602502
0.829645
0.225476
1.524035
-0.649121
-0.563718
0.402771
-0.401994
-2.570630
-1.349416
0.119601
-0.077549
0.561443
-0.175332
-0.646902
-0.498298
0.231440
0.210647
0.710994
0.676813
0.622159
-1.984954
-1.270534
0.778605
-0.923083
-0.655608
0.626311
0.737219
-0.733628
1.128658
-0.971502
0.222389
-0.536855
1.684053
-0.894858
0.936668
-1.567063
-0.495195
0.249187
-1.297882
1.444748
0.239788
1.887810
-1.278395
-0.209685
0.285691
2.664450
-2.190403
-0.697406
2.038423
0.160570
0.135376
0.523935
0.892404
-0.947696
-0.369662
1.935722
-0.413984
-1.460488
2.749098
-1.628911
0.433121
-0.170434
-1.501705
0.768129
-0.008068
0.950322
0.791086
-0.959320
-0.028735
1.400938
-1.368971
-1.495141
-1.284164
0.536921
0.055481
-0.687893
-0.034979
-0.610538
0.216361
0.997580
0.011562
0.347873
0.975149
1.708308
-0.476134
-0.013646
0.046881
0.064169
0.810476
0.870204
-1.146996
0.744567
1.574414
1.513906
0.285102
-0.822973
-0.781450
-0.689979
0.150701
0.763018
-0.951336
-0.553401
-0.839663
1.596752
-0.094542
1.904334
0.475428
-0.057171
1.455187
-0.086038
0.785215
-0.205296
0.788645
-0.578445
-1.258804
0.222446
0.448617
-0.834357
2.742409
-0.876223
0.586515
0.499915
0.048806
-0.214346
1.114146
-0.743804
-0.087680
0.676858
0.104822
0.301318
-1.427690
-0.403463
0.853302
-0.080859
-0.708005
-0.209531
0.171424
-0.079467
-1.115170
1.654223
-0.430663
-0.700330
1.452923
-1.691755
0.544863
0.137519
-1.997820
-1.262292
-1.618136
1.074393
0.664252
1.077352
0.412703
-0.926187
0.067386
0.675021
-1.024098
-0.493117
0.568443
-0.779205
-0.132422
-1.477387
0.402062
1.093607
0.869224
0.274446
0.568567
1.982093
0.672792
0.006653
0.510095
0.251417
0.395455
1.157233
-0.952322
-1.663213
-0.447544
0.649693
0.862190
-0.791189
0.234452
-0.085973
0.915346
0.475741
0.864944
0.694438
-0.309610
0.913016
-2.090151
-0.997730
-1.083442
0.397209
-1.220794
0.453810
0.946983
-1.786660
0.720624
1.788171
0.909342
-0.361076
0.838193
0.140239
0.357379
0.365771
-0.542882
0.491455
0.545187
-0.155931
0.074658
1.542468
-1.349305
-0.016938
0.768838
-1.653097
0.423607
0.082865
-0.503524
-1.038727
0.246546
-1.187922
-1.149412
2.206797
0.360260
-0.563246
-0.947880
-1.350219
0.370153
-1.534743
-0.458703
1.207482
-0.777200
1.106534
-0.366474
0.217319
-0.884092
-0.662000
-0.837944
-0.985328
0.366052
-0.603081
0.385155
-0.376386
-0.770360
-0.943247
-0.958965
0.862179
0.780958
0.010259
-0.212221
0.153076
-1.145342
-0.016899
-0.073902
1.506246
-0.592372
-0.875881
-1.162318
1.440916
-0.750589
0.455649
-0.635343
0.260094
0.027077
-0.210304
0.638379
-2.008372
-0.100688
0.786651
-1.246545
-0.450905
-0.077923
1.604527
0.060198
2.582027
-0.755921
0.089825
-1.143721
0.208191
1.140420
1.063664
0.989380
1.001475
-0.096985
-0.573866
0.601215
-1.073602
0.046349
-0.663272
-1.055753
0.146436
-0.538249
-1.334172
1.827257
0.589877
0.973421
-1.324581
-0.195303
1.996507
0.141581
-0.596548
-1.690041
-0.012207
0.826985
-0.138834
0.060679
0.625254
-0.844841
-1.890897
1.804579
-1.224451
-0.604452
0.259847
0.870432
-0.223719
0.432741
-0.239913
-0.023664
1.851594
-0.845410
0.205358
0.514756
1.029839
0.336378
1.059014
0.279561
1.580656
-0.590309
0.143929
-0.374207
-0.715903
0.279965
0.441488
0.391251
-0.196257
-0.521041
1.001161
0.834109
1.180640
0.779105
-0.677257
0.947647
-0.188079
0.228858
-0.366185
-2.935024
1.678235
1.615133
0.517539
1.683710
1.679403
-1.987880
-0.971139
-0.020440
-0.969786
1.870457
-0.470493
-0.247938
0.007511
-0.487683
0.657144
1.332429
1.126987
-0.165156
-0.649815
-0.153726
0.716651
0.012156
0.844656
0.004300
1.882975
0.134508
1.304106
-1.443041
-1.871217
0.952483
-0.102193
1.010533
0.319829
-0.402893
0.351094
-0.042093
1.442021
0.306845
1.711221
-0.618581
-0.366889
-1.238540
0.598262
2.398187
-1.391146
1.508615
-1.565210
-0.500375
-2.448974
-0.733728
-0.547433
0.384752
0.162790
1.144173
0.684817
-0.717602
-0.508199
0.562442
0.457907
-0.692280
0.348909
-0.209579
0.765270
1.140817
-2.644573
-0.097264
-0.398370
-2.149742
-0.165569
0.313527
-0.557350
0.103898
0.182441
0.587349
-0.774656
1.251981
-2.233482
0.899889
1.013849
0.789315
-0.072984
-1.195623
-1.329659
-1.639333
0.533889
0.442021
0.913747
-0.550152
0.172222
-1.735918
0.447250
-0.180926
-0.081731
0.341717
0.126940
1.326178
0.698579
-0.614280
-2.025911
0.230290
1.364686
-1.060004
0.032114
-0.136458
1.260153
-0.115514
0.031566
0.067755
0.143584
1.143468
0.343504
0.632707
2.570472
-0.177374
-1.571366
0.769736
-0.200630
1.402639
1.293204
-0.652790
-0.248582
0.478035
1.127931
-0.306958
2.106101
-0.513083
-0.433834
1.296360
1.410312
-3.355589
2.565673
0.269024
0.490471
-0.827674
0.012107
-0.461196
0.416578
0.660224
0.322233
0.842563
0.115119
0.564753
-0.254691
-1.982818
-0.244579
1.267395
-0.550928
0.151571
-1.200268
0.538822
0.687001
1.586293
-0.595572
0.521374
-0.841335
0.986722
0.326595
-0.721816
-0.164044
2.236177
-1.827263
1.040320
0.095793
0.354153
-1.054772
-1.245963
0.588381
0.274467
0.111283
-0.437043
0.381073
0.317262
1.373209
-0.308879
0.591202
0.395580
-1.573979
-0.841205
0.385380
0.436236
-0.990941
0.049585
2.611475
-0.483372
0.063042
1.428244
-2.274416
0.900186
0.964919
-1.726713
-1.298934
-0.301433
-0.422128
0.240637
1.141797
-1.248231
1.053573
-1.021235
0.561865
1.125441
0.021850
1.135440
-0.584649
0.708193
0.743718
-0.925389
-0.137402
0.082601
1.154104
-0.060848
0.198942
1.620163
-1.686782
1.503536
-1.179304
0.855705
-1.141537
1.511879
-0.020972
-0.269565
-0.715530
-1.124394
-1.129287
1.137448
1.358024
1.127926
0.616573
0.934689
-0.670801
1.053266
1.139414
-1.096468
0.860006
-0.552571
1.788895
0.295938
-1.405650
-0.376873
0.098797
-1.225590
-0.172825
-0.213011
0.338993
0.363597
0.302656
-0.641429
1.523364
-1.368072
0.395240
-1.303680
0.772315
-0.551613
0.676214
-1.575307
-1.256548
0.393230
-0.874656
0.738509
0.981047
-0.810838
-1.931636
0.486511
-1.037647
1.259440
-1.696498
-0.953582
1.217891
-1.862994
0.022393
-1.144654
-0.793925
0.343841
1.585710
-1.120923
0.023220
1.388595
0.961689
0.733810
-0.679763
1.463434
-0.057061
0.607199
0.498255
-1.533649
0.699075
0.960965
-0.576958
-0.892747
0.637865
0.362435
0.279016
0.385035
1.575051
0.925414
-1.236343
-0.072988
-0.404410
-1.272278
1.683677
-0.587776
1.151008
-0.474430
0.796147
-0.572368
-0.423032
0.594379
0.694413
-0.185266
2.535566
0.806291
-0.352633
0.210597
-0.391480
-1.530443
-0.239341
0.957640
0.763551
0.529329
0.323193
-0.004886
0.539598
-0.629814
-0.502237
0.362633
1.256390
-1.261504
0.843847
0.213271
-1.888232
-0.260915
2.215553
0.411775
-0.558979
0.396026
0.726221
-0.493574
0.132341
0.692942
0.849160
-0.004387
0.292462
-0.745981
-0.161343
0.167831
0.708679
1.240380
0.840048
-0.194442
2.371619
0.248944
-0.095827
-0.043290
-0.073011
0.893895
0.686939
1.194124
-0.258274
-0.597212
-0.060804
-0.637357
-0.129485
1.004056
0.166607
0.338205
0.771164
-0.067939
1.003872
-1.333487
1.019333
-1.301971
-2.159083
0.057151
2.187126
-0.156049
-0.762171
-2.505657
-0.322227
-1.241642
0.374821
-1.815945
-1.919865
-1.250687
1.996194
-1.514826
-0.251869
1.447192
0.217581
-2.235298
0.824027
0.962657
-1.026242
0.223078
-0.337611
-0.637857
-0.211528
-0.273660
0.293192
-0.547718
1.469678
0.660094
0.305570
0.855491
-0.455583
-1.163858
-0.238600
1.580627
1.081490
-2.067388
-1.191162
1.321015
-0.519034
-0.335753
-0.088273
-2.390599
0.794456
0.046849
-1.202237
-1.915084
-0.978056
-0.772235
-2.225609
0.147153
0.996523
0.612319
0.318683
-0.597476
-0.794616
-0.001326
0.443426
1.339647
-1.135817
-1.792358
-2.077565
-0.545275
-0.039802
-1.634697
0.308692
0.049329
0.234314
-2.616564
-0.126525
-1.150846
0.005333
-1.542110
-0.943143
0.957249
0.265222
0.835528
-0.347514
-0.912886
0.337114
0.085417
-0.107465
1.729096
-0.763071
-0.726167
-0.330290
-0.574246
-2.402893
-0.558709
-1.808797
0.414964
-1.846986
-2.056551
-1.856292
0.368926
0.125379
1.237414
0.477175
-0.366105
1.594641
0.956532
0.259103
-2.223663
-0.180928
-1.416771
1.589509
-0.665999
0.015343
-1.113585
0.649809
-0.450532
-1.611701
0.298139
-0.954596
1.148465
-0.183498
0.642294
-0.122852
-2.683583
0.846022
0.770494
0.792912
-0.366342
0.109493
2.135668
-0.199063
1.199743
0.020135
0.554582
0.981269
1.739931
-0.827807
0.604560
0.221224
-0.339308
-0.641012
1.027067
-0.121414
1.208478
0.057340
1.092275
0.374036
2.439639
-2.028720
0.248548
0.334411
-0.179283
-2.312599
1.164044
-0.202121
-0.593083
-0.914866
-0.157629
-0.169271
-1.026388
0.921894
-1.065055
-0.084006
1.115344
-2.105591
1.944202
0.188662
1.523148
-0.823368
-1.152780
0.471189
-0.400687
-0.143726
1.934469
-1.809929
-1.095541
-0.813609
-1.912888
1.128743
1.198176
-1.385848
-0.639284
0.168662
-0.350882
-0.782466
-0.751011
-0.279210
2.122946
-1.113184
-0.209128
1.379154
0.855062
0.443583
0.566348
0.209563
-0.767053
-0.721679
0.605138
0.484002
0.566421
1.395167
0.606012
0.540594
-0.834348
0.404807
-0.985547
-0.068562
-0.616620
0.280822
0.151164
-0.443144
3.046686
-0.450489
0.328131
1.034949
-1.363999
1.485120
1.974109
1.054582
-0.422939
-0.970124
1.189548
-0.048385
-0.666237
-0.192759
1.570545
-1.499989
-0.917009
-0.498470
-1.596687
1.964631
-1.164747
0.620165
-0.171445
0.504541
0.038494
-0.306615
-1.290243
0.493785
-0.440122
0.253318
-1.977368
-1.265292
-1.012574
0.950766
0.133867
-0.304208
0.317635
0.697260
-0.365334
1.106337
-0.410839
-1.625242
1.240949
-0.763556
-0.062153
0.274822
0.761700
0.851181
0.012807
-0.400329
-1.412585
-1.555943
0.601863
-1.455900
1.620179
-0.301210
-0.598585
-1.540667
-0.741260
-0.044430
-2.238176
0.316870
-0.268899
-1.254798
1.388557
-1.566079
-1.375616
-0.060661
0.208472
0.059557
-0.399089
0.238096
0.461709
-0.745862
-1.092783
-0.596701
0.424262
0.205332
-0.246602
0.042529
0.342342
1.644456
-1.545509
-0.088356
-0.271817
0.139367
-0.572878
-1.396644
-1.078486
-1.205473
0.728977
0.585503
0.886613
0.334836
-1.652893
-1.088219
0.172834
-2.249357
-0.815644
1.774311
1.063632
-1.494640
-0.346600
-1.096816
-1.964209
0.118328
-0.274993
-0.349205
1.822939
-1.055463
0.630384
1.765601
-0.148548
1.519463
-1.399429
-1.857972
2.027465
0.477671
0.027625
1.676478
0.733782
-0.512536
0.180239
-1.729937
0.403914
0.291540
-1.081844
1.247718
-2.123038
0.527854
-0.412738
1.583573
-0.576947
-0.618997
0.017861
0.323436
-1.643421
-0.340827
0.772763
0.221802
-1.232079
1.163103
-1.252812
0.901417
-0.773723
-0.446820
-1.493641
0.701472
-0.684429
0.780490
-0.817707
0.414603
0.298730
0.586862
0.033919
-0.477817
2.603758
-0.980197
-0.331352
0.395650
-0.533839
0.410423
-1.492535
-0.398091
-0.669604
0.830004
-1.826678
0.523626
0.030445
-0.493960
0.285076
-1.417862
1.974731
0.975105
0.679187
0.114283
0.936994
0.402524
-0.368730
-0.282321
-1.233010
0.709626
-1.913618
-0.652793
0.678015
1.094699
-0.416580
0.251325
1.477022
-0.332430
-1.930511
0.588274
1.935982
0.042269
0.987478
-0.011652
0.503487
-2.038259
1.477410
0.559723
0.390882
0.001599
0.771616
0.750295
-0.493049
-1.441651
1.045297
-0.219691
-0.327998
0.910682
-0.299872
0.071808
1.344275
1.134994
0.682460
0.128815
-0.342758
0.767543
0.935378
0.097606
1.295705
0.674679
-0.521779
1.056979
0.214962
-0.274411
-0.910857
0.592521
-1.478954
-1.526582
0.285958
0.238438
-0.844833
-1.752239
-0.882256
-0.722152
0.261708
-0.080269
-0.362215
-0.564416
-1.109948
-0.229281
0.015455
0.080896
-0.605923
1.661599
0.133124
-0.568938
-0.051417
-0.986584
0.919324
0.913577
1.347112
1.231099
-1.095166
-1.402218
-0.448374
1.526462
0.257188
-1.119006
-0.400062
-1.719851
1.738845
0.313441
0.029085
-0.168516
0.529116
0.711632
-1.555849
-0.830926
-0.448188
-0.541973
-0.972185
1.473581
0.522500
0.224551
0.377980
-0.092914
0.202891
-0.705359
-0.260311
-0.582190
0.252494
-0.301514
-1.428033
0.249446
1.420140
-0.061116
-0.282144
0.866632
0.963758
-0.915329
-0.866417
1.410683
-1.731716
-1.686676
1.419720
0.758167
-0.469976
-0.484814
0.807175
0.031798
0.635471
-1.369362
-0.667145
1.040316
-0.201725
0.391462
-0.135485
-0.054640
2.179613
0.095532
-0.028620
0.546185
-0.751175
-0.987801
-0.418259
0.085529
-0.483774
1.488836
-1.083483
-0.366462
0.464604
-0.564689
0.278352
1.102127
0.810607
1.089558
0.761846
-1.225647
0.713339
-1.187033
2.109569
-1.298326
0.498221
0.401822
0.138494
-1.221392
-1.162292
0.933174
-0.792073
0.084765
-0.878343
1.003097
1.347146
-0.386698
0.427612
0.290316
1.003449
0.867342
0.909962
1.440529
0.603347
-0.651765
0.671998
-1.120305
0.373154
-1.453334
2.402839
0.315572
2.365157
1.935597
0.201801
-0.949312
0.796110
-0.958920
-1.538901
-0.117312
1.729713
-0.281075
-1.074620
-0.576467
-0.266421
-1.984867
-0.070646
0.575471
0.327736
0.045456
-0.148093
-0.421575
0.493330
0.525242
-0.084995
-0.286757
0.627533
0.717586
-0.191507
-0.434532
-0.730266
1.022039
-2.068405
0.370457
-1.735973
0.420484
-0.361270
1.532099
-0.424389
-1.159548
0.325499
1.450721
1.298640
1.565610
1.097294
-0.308838
-2.391415
-0.788494
-0.937196
0.000104
-0.203138
-2.080916
0.144266
-0.088028
-0.337855
-0.011765
-0.230033
-0.343451
0.037176
0.884708
-1.020111
0.205003
-0.428975
-0.110125
1.039923
-1.316437
0.930630
0.364236
0.477953
0.632497
1.070128
1.702025
0.383721
0.843411
0.301741
0.277627
-1.671043
-0.097282
-1.614767
-0.893207
-1.082252
1.359376
0.427641
0.471316
1.331683
-0.965928
-0.480700
-0.257124
0.401567
-0.902215
-0.629016
-1.543600
-1.613075
-0.690728
0.296021
1.419130
-0.987222
1.141852
-0.698172
-0.779613
1.624629
-0.601003
-1.235441
1.536238
1.520123
1.757247
2.146092
-0.982501
-0.791463
1.110787
-0.035218
0.416274
0.355700
-0.749505
0.765066
-0.912282
-0.971038
-0.733524
-0.789921
-0.069868
-0.084603
2.539042
1.500649
-1.603479
0.144312
-0.093902
0.331720
-0.499782
0.136701
-0.068150
0.103419
-1.574249
-2.749405
0.734471
0.447554
-0.504440
0.485192
-0.867860
0.278476
0.069690
0.627533
-0.775020
-0.691476
-0.851520
0.616024
1.143319
-1.748411
-0.259666
0.787557
-0.052564
1.049460
-0.218815
-0.364850
0.397992
-1.042540
1.913026
0.187637
-0.380054
-0.742492
-0.992220
-0.839319
-0.315911
0.220234
0.180580
2.038381
-0.900738
-0.413866
0.526966
1.576364
-0.321740
1.943504
-0.446870
0.330073
2.189344
-0.861558
-0.475776
-0.315703
-0.655997
-0.568608
-0.824238
0.389577
1.394321
-2.424283
-0.684262
0.139040
-1.458286
1.390290
0.476016
-0.158584
-0.487740
-0.071535
-0.266675
1.126434
-1.827338
-0.935178
1.986256
-0.216399
-0.606498
1.541176
-0.888724
-0.387917
-0.504153
-0.256423
1.007041
0.179047
-0.142253
1.070703
2.968045
-0.058966
0.984644
-2.198684
-0.229541
-1.031279
-1.507646
-0.778732
0.929439
-1.250898
1.475070
0.698721
-0.369939
0.292599
0.188966
-0.219459
0.305201
-0.723699
1.593430
-1.147849
-0.564166
0.044117
2.407594
-1.674883
1.145278
-1.057900
0.315811
-1.148259
-1.209468
-1.991256
-0.634150
-1.456692
0.179458
0.520197
-1.141383
1.263368
-0.118076
0.076043
-0.942445
1.517025
0.288075
0.616170
-1.585245
-1.468725
2.162396
-0.244960
0.311549
0.899309
-0.439346
-0.196178
-0.889673
-1.411427
-0.486253
-0.115334
0.849691
0.297888
0.069856
-0.483780
-1.476597
1.029288
-0.656344
-0.608061
-1.445055
0.400220
-0.783756
0.996580
0.091495
-0.649282
-1.333387
1.118690
0.881217
0.633811
0.271474
0.171513
-1.386863
1.387305
0.110401
0.931719
0.022722
-0.597131
-0.452860
3.153467
1.357147
-0.045322
-0.699975
-0.223217
1.844705
0.475598
-0.082661
0.431345
1.112380
0.641566
1.222284
-0.187768
-0.206821
-0.619532
-1.066994
-0.603254
0.256399
-0.567207
-0.256067
0.236867
-0.819593
-1.118269
0.099300
-0.817160
1.127869
-2.753433
-0.157645
0.038527
0.081275
-0.745513
0.399768
0.957865
0.661754
-0.496513
-0.089535
0.088910
-0.944009
0.241901
-1.210575
1.171249
1.231478
0.130277
0.783444
0.024938
-0.247127
-0.811780
-1.104144
0.109261
1.198494
-2.458004
0.517319
-0.597599
0.803451
1.371579
0.196318
-0.751964
0.345509
-0.490650
0.465509
-0.636927
-0.190045
-0.579743
0.432838
-1.440834
0.663865
-0.510282
-1.434408
-0.274552
0.338941
0.651476
-1.583927
-0.292140
0.169110
0.102440
-0.196498
-2.280691
-0.991089
-0.861302
0.516935
2.149732
0.111829
0.452466
-0.375243
-0.101436
-0.994457
-0.497554
-0.009409
0.853394
0.469235
0.273146
0.561138
0.928345
0.221676
0.592659
-0.226969
0.602880
0.262183
-0.300463
1.697180
-0.489327
0.094695
-1.745928
0.042515
1.170119
-0.400555
-1.759678
0.294684
2.147475
0.564982
0.988122
-0.503959
0.310935
-0.374717
1.448806
0.387020
-0.203570
-0.224809
-0.749948
1.735692
-0.587062
-1.075697
1.755419
0.579941
1.493546
-0.448815
-1.703643
-0.221596
-0.306452
0.356032
-1.452519
1.512584
-0.224428
0.144625
0.824584
0.762653
0.691774
0.750245
0.270880
1.114120
-0.148048
0.437126
-0.567533
0.424751
3.003485
0.312299
-0.611456
0.896555
0.815193
-0.167028
0.209929
-0.710173
-0.408375
0.211534
1.252269
0.193915
1.341285
-0.943790
0.176414
2.488627
0.948861
0.769852
-0.427053
0.148232
-0.097023
-2.091583
-0.303385
0.198147
0.666974
0.798286
-0.893700
0.556946
-0.654570
-0.109471
-0.820206
-0.916291
1.198768
-1.005210
0.702336
0.904777
-0.936342
-0.377233
-1.013988
-3.564941
1.427016
-1.909386
-0.080698
-1.702548
0.628741
-0.734301
1.868405
0.644126
2.181124
-0.139690
-1.542946
-0.151548
0.842417
-1.297032
1.498335
-0.305632
0.230778
0.148300
-1.049282
0.642956
-1.416621
0.712555
-1.834752
0.419221
-1.028555
0.772372
-0.158240
-0.121254
-0.676872
-0.709121
-0.435935
-1.926260
0.023792
-0.767700
0.954022
0.028781
0.871043
1.237490
-0.967097
-1.481518
-0.300658
-0.603054
-0.202281
-0.219043
1.693645
-1.260804
0.563625
-1.899516
-0.202402
0.629983
-2.372472
0.172802
0.430394
0.819262
1.530105
-0.317109
-0.641580
0.634153
-0.598490
-3.567021
0.155927
-0.428735
-2.181365
-1.739160
1.708090
1.588227
1.222900
-0.128850
0.145687
0.236437
1.486615
0.310510
-0.889632
-2.475229
0.033020
-0.738997
2.279109
-0.063404
-0.389169
0.264151
-0.030119
-0.346529
-0.807710
-1.748476
-0.544139
-0.758433
0.432153
-0.809242
-0.850654
-0.056372
-1.689792
-0.357229
0.935095
0.755377
0.059518
1.444052
-0.707139
-1.685562
-0.667260
-0.017486
-0.944160
1.569439
0.431158
-0.003890
0.956149
1.288049
-0.592838
-1.789343
0.119973
-0.086768
0.227664
0.787390
1.517210
-0.767073
0.724402
0.274274
-0.083285
0.878758
-0.037880
0.071307
0.175855
-1.357494
-0.031625
-1.449192
0.846664
0.706948
-0.302660
0.349046
-0.670122
0.649463
1.708872
-1.057526
-1.814438
-0.122791
0.185347
0.760843
1.614016
0.880825
0.595065
0.182113
-0.933821
-0.168637
0.428140
-0.548698
1.262894
0.882898
0.088423
0.168242
-0.714260
-0.655380
0.567746
-1.051883
-0.988860
-0.924628
0.951938
-0.019533
1.415496
1.619889
-0.543526
1.698569
-0.939470
0.163390
1.072678
-0.894007
1.011987
-0.626412
0.226359
-0.916084
0.348532
0.994161
-1.535743
-0.483396
0.089623
0.280852
-0.516121
0.921434
-0.099541
-0.075492
-1.433744
-0.033256
0.998342
0.962873
-0.225446
-1.326282
0.419563
0.057826
0.544589
0.662731
-0.364993
-1.311011
-0.343437
-0.148121
0.197836
0.497021
-0.987670
0.470492
-0.184595
1.549557
0.660647
-0.698347
-0.729020
-0.187982
0.950194
-0.125364
-1.348005
1.010691
-0.891886
0.072711
1.399614
-1.050583
-1.394033
-0.208032
1.299780
1.819583
0.556379
-0.112960
-0.811901
1.611205
0.292555
-1.079730
-0.284886
-0.955046
0.827162
-0.831538
-0.813060
0.396365
-0.026552
0.225393
1.536640
-1.722849
-0.750438
-0.011273
0.165579
0.975823
0.896675
2.031375
-1.044306
0.179497
0.034927
0.120198
0.053563
0.321849
-0.919219
0.714934
2.031948
-0.044050
-0.358402
-0.027882
-0.097911
-0.363791
-0.864631
-0.358908
0.168887
2.090642
0.912749
-0.569472
0.336855
0.861440
-0.441076
0.805606
1.155052
-0.520578
0.408643
0.002281
0.609658
0.417236
-0.819437
1.916907
-1.719966
-0.375570
-0.489545
0.363682
-1.758302
1.625580
0.582100
-0.190124
0.069212
-0.214356
-1.392012
1.961291
-0.068393
1.569790
1.721968
-1.094021
-0.471711
-1.345915
-0.400858
-1.685864
0.467914
-0.325445
0.385851
0.201063
-0.124596
-0.025672
-0.033902
-1.340432
0.027468
-1.649057
-0.792366
-1.433700
-0.422698
0.426199
1.566750
0.591862
0.578000
0.209681
0.316271
0.891669
-1.282607
-1.282903
1.291480
-0.719249
1.310028
-2.369497
0.240289
-0.515384
0.214491
-0.420861
-0.846510
-1.440188
-0.861792
-1.008233
-0.675502
0.057000
-0.153215
1.046109
-1.277198
-0.900056
0.147022
-0.610447
-0.078302
-0.797381
-1.566595
-1.211914
0.373711
0.501533
-0.139373
0.530287
-1.864513
0.371272
-0.593444
1.806305
-0.991942
-0.138342
0.668058
-1.736455
1.058950
0.741503
0.790961
-0.075616
-1.146037
0.267175
1.181798
0.947100
-0.133452
-0.185571
0.201844
0.653204
-0.074548
-0.143624
0.162945
-1.678386
1.157068
-0.294472
-1.812044
0.871019
0.214791
0.849756
1.085270
-0.754445
-0.375177
1.369089
1.471699
-0.172535
0.262949
-0.262932
-0.924295
-0.236770
-0.710107
2.149609
-0.179027
-0.725127
0.052620
1.732227
-0.609783
-1.342487
0.123770
1.208821
1.085146
-0.311160
1.411433
0.142028
-0.038084
-0.303210
-1.318194
0.100240
0.712319
1.726907
-0.570089
0.283700
-2.326425
0.514042
0.409324
-0.674072
0.483159
0.439483
1.327836
0.650501
1.134407
-1.932089
0.106045
-0.093907
-0.134981
2.198717
-1.121652
-0.355151
-0.574275
-0.001663
-1.113627
-1.067875
-0.120596
-0.558399
-0.018057
-0.190812
-0.165466
-1.402339
0.991227
0.658911
0.491566
0.558960
1.124760
-0.659729
0.396639
-1.112789
0.310848
0.651856
-0.566357
-1.296406
1.201612
-1.382493
0.497795
-0.337900
1.282818
0.198603
-0.001994
1.359140
-0.908609
0.737282
-1.375830
-1.047051
2.030833
2.199791
0.513336
0.436413
0.641586
-1.123236
0.397032
-1.449231
0.240986
-0.100300
-0.234577
1.863573
0.188714
0.080700
0.594457
-1.153274
-0.358765
0.227656
-0.465966
-1.252655
0.338300
0.481531
-0.080931
-0.738359
0.718483
0.161364
2.115565
-0.779236
1.331909
-1.638790
2.024119
-1.825270
0.396963
0.913222
1.128787
-1.924092
0.509184
0.569273
0.222875
-0.555998
0.268741
-0.860367
0.233393
-1.600334
-0.075466
-0.095944
0.449580
-0.186402
1.898177
-0.720393
-0.073266
0.214749
0.690361
-1.169339
-0.339390
-0.753787
-1.885833
0.874736
-0.140831
0.835255
-0.130948
-1.448493
0.727883
-0.546296
0.215991
-0.031018
-1.597955
2.110329
-2.744070
0.702495
1.620465
-1.985203
1.028114
-0.792086
-1.001074
1.025810
-0.609740
1.210164
1.599664
-2.156455
-0.132944
-1.089365
1.375871
0.649064
-0.650867
0.512963
-0.026195
0.283772
-2.795249
0.035727
0.408284
0.779484
1.175629
0.222673
-0.026771
0.551548
-1.669612
-1.302780
-0.830046
-2.384281
-0.263224
0.110162
-0.108636
-0.047021
1.533100
-0.795686
0.283564
-0.105658
0.037823
0.402476
-1.382464
-0.126294
-0.944119
1.144780
0.287208
-0.077777
1.431227
-0.866481
0.480070
0.866604
0.286258
-0.273445
0.556495
-0.115714
-2.104507
-1.031963
-0.216412
1.917122
-0.436058
0.144683
-0.485999
0.277849
-1.197935
0.235093
-0.996837
0.000870
-1.392904
1.145079
0.686353
0.536141
0.492434
-0.193916
1.517655
1.360480
1.597997
-0.332933
-0.814808
0.317783
-0.800016
1.303767
1.326951
-0.352449
0.234731
-0.814229
-0.358442
-0.226660
1.818655
0.920654
-1.965983
-2.019950
-0.346622
0.054932
-0.375367
0.643030
-0.573723
-1.770688
1.457701
-0.787196
1.912323
0.574335
-1.085015
-0.312415
0.783604
-0.217223
0.673040
-0.098163
0.839506
-0.225705
-0.090524
0.752697
-0.196387
-0.590580
1.623293
-0.557543
-1.724696
-0.926805
-1.742568
-0.090778
-1.376880
0.724657
-0.083845
0.807191
-0.849667
0.352630
-0.508569
1.398884
-0.723537
-0.738026
0.484167
0.294212
0.780637
0.301353
0.461695
-1.708664
-0.647612
0.209760
-0.233306
-1.193817
-0.347626
0.878823
-0.086870
-0.289934
2.246882
-0.805042
1.584423
0.471123
-1.327055
1.388123
1.875427
0.419135
0.419019
0.691216
1.210145
-0.366124
-1.147551
-0.913264
-1.161684
-1.041131
-0.257738
1.534838
-0.372850
0.236780
-1.315519
0.575326
0.907502
-0.114709
0.467184
-0.094667
-0.667970
-1.229169
0.088435
0.020647
1.676135
0.570569
1.113131
0.678420
0.667674
0.279945
0.250414
0.807312
1.193225
0.424600
-0.058190
-1.627373
0.120031
-0.991128
0.200987
-1.596274
-0.984077
0.149784
-0.711585
-0.719700
-1.723624
0.608600
-0.727722
0.914487
1.443570
0.244511
-1.317332
-0.199998
-0.285460
-0.548746
0.614986
-0.805267
-0.250040
-0.463800
0.066777
1.471272
-0.706043
-0.034985
0.381022
1.449324
0.494214
1.124098
0.474238
0.113644
-0.816752
0.569065
-0.939752
-1.732966
1.222196
0.501401
0.255536
1.175754
0.681393
0.551159
-0.262149
-1.674261
-0.630673
-0.159848
0.555204
0.106586
-0.028202
-0.222807
0.057574
0.156594
-0.419871
-0.165003
-0.715155
-0.958886
0.149464
1.248048
-0.047096
0.858458
-0.523603
-0.315114
-0.873714
-1.506346
-0.433775
-0.278218
-0.113433
-0.508214
-1.161128
0.835295
0.933232
-0.669654
0.273592
1.309687
0.886759
-0.501344
1.724764
0.271992
-0.066051
0.130891
0.622214
-1.949236
-0.809499
-0.407930
0.113368
1.116155
-1.367051
-0.763629
0.137307
-0.652688
0.392984
1.881940
0.134329
-2.616048
-1.368732
-0.178770
0.904811
0.880893
0.071837
0.237382
0.376990
-0.817196
-0.191554
0.687883
-0.130469
0.053027
0.508095
-1.017035
0.460073
1.701746
-1.742682
1.610721
-1.933409
0.650991
-0.755970
0.617075
0.893610
0.444169
-0.070365
0.308892
0.241446
-1.042365
-0.348623
1.549212
2.054890
0.393016
1.055079
-2.179633
-0.476455
0.561318
1.461800
0.036100
-1.189345
-0.060601
0.220470
1.296316
0.923633
-0.926639
1.104754
-1.562417
0.580502
-0.374392
-0.425477
-1.009216
-0.515770
-0.064305
-0.857857
-0.344456
-0.488872
0.425972
-0.498307
0.009376
1.619505
-0.988614
0.308907
0.174717
-0.483891
-1.019480
0.033259
-0.457438
-0.571301
1.289353
-0.246489
0.406871
-0.853849
-0.974787
-0.813513
0.164174
-0.677782
-0.231136
-0.210761
1.274365
-1.620593
0.296758
0.777051
-0.927528
-0.991237
0.493616
-0.798998
1.120733
-0.595744
1.678469
0.045493
2.101056
2.336689
0.872553
0.449989
0.269600
-0.372954
-0.112187
0.342332
-0.643906
-0.606969
-0.009993
0.812210
-1.387724
-1.143807
1.020049
1.708037
-0.789427
-2.338165
-0.142375
0.771611
1.188498
-1.807415
-0.050601
0.126058
0.786557
0.766846
0.331166
-0.191237
2.072924
0.678114
-1.074919
-1.450186
0.832465
-0.340665
0.253748
-1.223919
-0.370183
-0.168226
1.423402
1.022433
-0.361525
-0.558252
-1.741224
0.344081
3.047379
-0.013436
0.338334
0.595966
-1.212864
-0.496508
-0.219973
1.513840
1.153612
0.944723
0.668959
0.996321
-1.096146
1.777929
-0.981512
-0.893346
-0.575356
0.897194
2.328258
1.846503
0.131675
-0.554043
-0.180166
2.138331
-0.391529
-0.576888
-2.074652
-0.796605
-0.715537
-2.052984
-0.246376
-0.687621
-0.043738
-0.592200
-0.678967
-1.569118
-0.467568
1.831582
1.581059
2.207293
-1.424495
1.214017
0.818004
-2.152354
-0.320609
0.557938
0.984541
-1.604178
0.019233
-0.396700
-1.274078
0.198404
1.407795
0.650404
-1.108194
-0.945009
-0.140331
0.424029
0.296254
1.951996
0.792777
0.444294
1.016572
1.787655
-0.384572
-0.228781
0.826370
-0.083386
-0.172076
0.749421
-0.087752
-0.481806
0.174314
-0.973261
0.192367
0.769756
-0.055140
-0.109552
-0.256690
-0.260733
0.760720
-1.470054
0.679052
-0.676846
-0.531027
-1.210297
-0.376390
0.413222
-1.444298
-0.748986
-0.256829
0.832718
-0.414944
-0.107814
0.152862
0.430949
1.058416
1.819711
-0.172906
0.705179
-0.266995
0.937703
1.192434
-0.134622
-1.086113
0.366502
-0.925269
-0.992839
0.462459
-0.952110
1.281779
0.812902
0.725362
0.745329
0.125187
-2.036272
1.142218
-0.806870
0.452192
1.605447
-1.276073
-0.284635
-0.085972
-1.724945
0.177867
-0.519935
-0.905789
-1.592027
0.084351
0.003477
0.297140
-0.448136
1.447649
1.200121
0.466251
-1.453847
1.518731
0.939767
-1.137002
-0.439896
0.416367
-0.319226
1.506938
0.300083
-0.872658
-1.085866
-1.445636
1.030559
0.109744
-0.158439
0.945655
1.130765
-0.410515
-0.373644
0.008627
0.462968
1.318534
-0.271101
0.878756
2.200968
-1.200540
0.827498
-1.329632
1.662468
-2.701986
0.503380
0.429899
-3.127630
0.387966
-1.317665
-0.251624
0.344066
-0.313562
-0.577833
-0.127848
-1.987744
-1.781605
-0.506850
0.575512
-1.108325
-0.677681
-0.538942
0.719990
-1.348064
-0.313092
-0.562154
0.815938
0.842815
-1.287127
-0.622571
0.959924
-2.269997
1.895212
1.079083
0.160210
-0.339919
0.123813
-1.304672
-0.179706
0.047826
0.665069
0.354495
1.444763
-1.264509
-0.907820
0.157861
-0.991335
1.490231
-0.643282
0.646974
0.365840
1.359050
0.698259
0.442622
-1.417684
1.645090
1.143000
0.777285
0.499359
-0.777324
0.571152
2.226996
-0.005733
0.595865
0.221832
-1.519958
-0.637488
0.419046
-0.926935
0.794857
-1.017109
0.506233
-0.452287
0.591738
0.013195
0.558345
2.612283
-0.551334
1.270984
0.890254
0.829829
0.201554
-1.324002
1.478273
-2.386337
0.007265
1.877524
0.294073
-0.270893
0.274306
1.589611
0.504995
-0.259827
1.409073
0.685950
-0.418409
-0.610010
1.736603
-0.060493
0.165926
-0.062109
1.401474
0.656409
1.822444
0.654389
-0.200472
-0.684928
-1.000239
-2.086937
0.421965
0.641240
-0.143006
-1.029442
1.333957
0.653303
-1.298486
-0.703148
-0.053298
-0.250401
1.130741
-0.444195
0.066522
1.259061
0.584909
0.356084
-0.496307
0.093510
0.207768
-0.913789
0.372091
2.733262
-0.593731
-0.405640
-0.611423
0.788287
0.050942
1.080910
-0.911439
1.760334
-0.514702
1.029935
-1.116958
-1.787617
-0.655713
1.758478
1.723434
0.298307
-0.116984
0.000955
-0.165977
-0.664338
0.001747
0.832972
0.491000
0.140370
0.231854
-0.331993
-0.123751
-0.415257
1.706613
0.299668
0.884166
0.265203
0.450242
-1.213194
1.262667
-0.952351
-0.060887
0.522637
-1.022177
0.184398
-1.667281
-0.845942
1.246891
0.936092
1.606670
-0.120620
0.001385
0.736900
1.456105
0.797455
-1.279406
0.989958
-0.296975
-0.949355
0.586881
0.519747
-0.088549
-0.229104
-0.444100
-0.558569
-0.872559
0.160661
0.593887
0.777100
-0.804853
-1.057141
0.844651
0.299163
1.467410
0.515448
-0.935569
0.943657
0.601439
-0.129627
-0.595650
1.309443
-0.580466
0.512278
0.968997
0.417330
1.727478
0.763004
-0.975289
0.538576
1.418318
0.786738
0.456761
-0.688042
0.525905
-1.261775
1.278317
0.397006
0.012571
1.052814
1.352100
0.296291
0.704186
1.206634
-0.308041
1.839827
0.673678
1.262424
0.048878
-0.098841
1.036858
-1.277430
0.510024
-1.029013
0.533466
0.905800
-0.068930
1.377622
0.557520
-1.663860
-0.886778
-0.388356
-2.232073
0.013408
-0.132238
-0.056732
-0.324243
-1.490903
-1.271838
-0.654584
0.380019
-1.727487
0.220177
-0.633233
0.876870
-3.491546
-1.243243
-1.566708
-0.751251
-0.034010
-0.468014
-2.177264
1.060121
0.687993
0.661020
-1.025484
0.045577
-0.877501
-1.379798
-0.480926
0.773635
-0.275968
-0.751451
0.776469
0.600831
-0.004844
1.300236
-0.440834
-0.534832
-0.198696
-2.169150
0.149674
0.701835
-1.368222
-1.717376
-0.213914
0.937698
-0.494509
-1.070628
0.316067
0.789656
0.970168
-0.579960
0.912541
0.085178
-0.530384
-0.261924
-0.163508
-2.124092
-0.407427
-0.818457
0.075914
-1.710575
0.512132
1.578937
0.044474
-1.803775
-1.158265
-0.612249
1.708141
-0.451719
0.871430
0.024646
0.074795
0.800853
-1.068853
0.325760
-0.744259
0.581001
-1.485819
-0.924086
0.861387
-0.244525
1.957241
0.064407
-1.494552
0.781585
1.209937
1.121832
-0.285763
0.280127
0.008588
0.307240
2.079272
0.047709
-1.280054
-0.749008
-0.776902
-1.052800
-0.737110
-2.008698
2.813511
1.103011
-1.761158
-1.489991
0.907695
-0.499761
-0.062490
-0.357799
-1.414958
-1.853934
-0.355822
0.926878
2.012681
-0.413299
-1.192189
-1.410877
1.612381
-1.142593
-0.611579
2.429160
-2.441388
-0.277674
0.760427
0.379362
0.105926
-0.677200
-0.547150
-1.375457
-1.370522
-1.054922
-0.911350
-0.170988
2.369176
-0.289808
-1.062020
-0.493963
-0.517737
2.959147
0.825692
0.861034
-0.773410
-0.502782
-1.488759
-0.649773
-1.081842
0.059938
-2.263355
1.860413
-0.256229
1.373891
1.109896
-0.385397
0.963035
1.355896
-3.300533
-1.462716
-0.348993
-1.271883
0.395803
-0.201022
1.011677
1.847002
-0.719374
-1.273258
-1.091027
0.122902
-0.588827
-0.870291
-0.266509
0.570588
0.908150
-0.625324
1.322222
0.267752
-0.154899
-1.095474
-0.074739
1.097813
-1.134118
-0.005617
1.064052
1.814560
-0.459041
-1.450149
1.128492
0.082651
1.336221
0.231649
-0.302243
-0.566486
0.806784
-0.730148
-1.080682
-0.131281
1.538403
-0.807135
-2.996818
-1.677068
-0.269525
-0.919373
-2.137192
0.207694
0.378891
-0.979890
1.286602
0.537196
-0.827334
0.078339
0.115748
-1.070405
0.522566
0.644781
-0.110614
-1.465030
-0.595894
0.177223
-0.931100
0.153227
-0.313244
-1.250378
-0.472496
0.734115
-0.994854
1.055556
1.529717
-0.041674
-0.447749
1.075732
-0.668856
-2.897022
0.225012
-0.720197
-0.664782
0.751050
0.612341
0.731757
-0.323225
1.248142
1.178128
-1.441666
-0.455935
0.675314
1.110099
0.195750
-0.512316
0.526832
-0.239563
0.848780
-1.591956
-0.104709
-0.190108
0.409129
-0.188433
-0.553181
0.444593
0.906053
-0.692193
-0.264468
-0.231924
-0.535432
0.757596
-0.001440
0.115967
0.836668
-1.124498
-1.516074
0.397819
-0.458953
0.619612
3.037599
-1.779288
0.986763
-0.171519
1.472697
0.358829
1.425741
0.018306
0.633591
1.123506
-1.535627
-1.144892
0.661310
-0.125714
-0.820417
1.316937
-0.344452
-0.579599
0.912878
1.172256
1.080064
0.731799
0.409067
1.849696
1.869953
-0.619391
-0.546418
-0.284741
-0.599105
2.047902
-0.209843
1.437925
-0.508208
0.825773
-0.499413
-1.467141
-0.015969
-0.888870
-0.227898
0.950391
0.706772
-1.898686
0.997966
-0.847428
1.094095
-1.170700
0.409403
0.079575
-0.279149
1.261267
-0.070366
0.452530
-0.271347
0.007273
2.135940
0.239030
1.065076
-0.214130
0.966205
1.046102
-0.036989
-0.236186
-0.817136
-0.283226
-1.341885
-0.215792
2.062568
-0.005794
0.260721
-0.329673
-0.249450
-0.911993
2.151291
1.208053
-0.033780
-0.381619
-1.047837
-1.558615
-0.371890
-1.489810
1.662119
-0.440974
-0.356501
-0.302325
-1.009181
-0.147869
-0.128576
-0.182586
-1.394536
-2.669168
0.082286
1.280760
2.385645
-0.692817
0.462281
1.032417
-0.261424
-1.787790
0.035404
-0.470294
0.359420
-0.037433
1.564983
1.176597
0.364585
-0.765273
0.421186
0.543420
0.480657
1.790783
-0.677590
-0.891011
0.581311
-2.506467
-2.133781
-0.499259
-0.749127
0.970368
1.861805
0.562803
1.659845
1.521865
-0.621373
-0.062473
-0.479329
0.607016
2.358021
-1.934876
-0.526765
-1.359237
0.051932
-0.049503
-0.717371
0.859969
0.976862
-0.168901
0.040709
1.561589
0.387430
0.442564
-0.206552
-1.157961
-0.205104
0.121669
-1.450659
1.286484
-1.693211
-0.324351
-0.258163
-1.271175
0.996451
-0.210844
-0.257455
0.679113
-0.773537
-0.941614
0.100738
0.866348
2.628617
-0.091497
0.857924
0.218699
-0.076079
1.531565
-1.575055
-0.807124
1.284678
-0.191041
1.932200
0.173232
0.070767
-0.553535
-1.231563
-0.606265
0.109728
-0.115301
1.678668
1.830546
0.024930
-0.848042
-1.200001
1.414968
-0.272491
-0.874415
-2.825383
1.021598
0.222847
-0.419671
-0.202480
-0.963645
-0.324352
0.008489
-0.594608
0.406427
1.450799
0.480918
-0.899007
-0.947361
-0.621713
0.768781
-0.365476
0.536410
-0.434433
0.217681
-1.749678
-1.663976
-0.183822
-0.981026
0.457592
0.780029
-0.567784
0.528300
-1.039108
1.322414
0.388063
0.715680
0.983089
-1.017784
2.253449
-0.756999
-0.535851
0.133018
-0.322411
1.725456
-0.859038
-0.694972
-1.664143
-0.618263
0.376340
2.142735
-0.011721
-1.820570
-2.095048
-0.509065
-0.463980
0.996130
-0.291833
0.360340
0.622078
0.614665
-0.687479
0.325492
-0.025790
0.401232
-1.647929
-0.389681
-0.131607
0.807666
-0.313808
-2.023112
0.158833
-1.289922
-0.806627
1.313017
-0.136712
-0.010198
-0.169850
-0.146163
-1.044234
-1.339185
1.956872
-0.955912
-1.252353
-1.120723
1.752705
0.926909
0.140361
1.986184
-0.171452
0.748142
1.313314
-0.449732
1.121250
1.498876
2.233514
-0.365675
-0.941210
-1.509613
-0.120383
0.444086
-0.922667
0.525711
1.028286
0.185535
0.328250
-0.652467
0.020082
-1.562483
0.662280
-1.000431
0.567602
0.562412
0.937488
1.714539
0.144711
0.709517
-0.813628
1.493978
0.499857
0.767448
-1.648696
0.506877
-0.055990
1.379527
1.404205
-1.357598
0.731304
1.455193
0.860964
0.508094
-1.716413
-0.339681
-0.471267
0.667781
-0.737932
0.009201
-0.729574
-0.602184
1.069856
-1.453019
-0.170317
0.191616
2.858912
-1.013547
-0.190324
1.123077
1.549030
-1.438869
1.746246
0.023308
1.158881
0.370473
0.646165
-0.860378
0.783580
0.306919
0.733918
-0.139337
0.619407
0.761319
1.682723
0.070463
-1.267074
0.964635
1.639594
-1.473902
-0.838744
0.701796
-1.689818
-1.617536
0.682895
-3.044607
-0.393620
0.515919
-0.894709
-0.627426
-0.736455
1.835178
1.902363
0.130728
-0.396526
-0.588468
-0.172038
0.967450
-1.780243
-0.603429
-0.388801
0.283915
1.121035
-1.757958
0.700201
-0.330194
-1.282370
0.612790
-0.075596
-0.887581
1.147103
0.644839
0.205854
2.200923
0.125680
-0.301624
0.417277
2.066568
0.033585
-0.854064
0.706770
-0.135777
-1.348321
3.186531
0.260498
-0.389052
-0.070638
0.086701
0.980437
-1.226466
0.382002
0.847091
-0.371499
0.757982
-0.960363
0.691721
0.228192
0.284426
-1.017839
0.396966
0.649687
-0.073413
0.071751
-1.609546
-1.231522
-0.777486
0.092073
-0.468734
-1.182770
-1.689942
-0.456696
0.619099
-1.409936
-0.313934
1.452558
-0.621160
0.703793
1.440396
1.466070
1.208516
0.306455
1.672256
-1.242648
-1.176019
-0.775578
0.168060
0.889979
0.347330
-0.599904
0.450738
-0.748430
0.496389
-0.718872
-0.772306
0.744143
1.294319
0.646496
0.601956
1.059533
0.116040
0.247252
-0.079777
-0.208750
-0.410758
-0.333105
-0.937349
-1.504372
-1.544020
-0.009652
-0.310649
0.895650
0.435952
-0.739646
0.305403
0.258480
-1.233691
1.192034
-0.007526
-0.074911
0.245018
-0.417846
-0.392945
0.993797
1.298898
0.450552
-0.412210
-0.629334
-1.216017
0.455246
0.361804
2.191124
1.114025
-0.521292
1.027839
-0.103720
-0.134471
-0.540794
1.085964
-1.904548
-0.239034
0.205450
-1.743599
-1.009520
-0.629443
0.751069
-0.916460
1.698929
-0.111090
1.215901
-0.022432
-1.393958
-0.368226
0.166330
1.121050
-0.880274
-0.387093
-0.442679
1.083775
0.199956
0.528874
1.199522
0.381092
-1.366974
-0.966370
1.503878
-0.233280
-1.910226
0.082116
0.558463
0.035660
0.441819
0.474181
-0.190220
-0.816120
1.047363
2.214203
1.484696
-0.705098
-0.225956
-1.150125
-1.222592
-0.416982
0.967196
-1.490800
0.643168
-1.053657
-0.424899
-1.005943
-0.061983
-2.138713
0.840764
-0.538979
0.827852
-0.036090
-1.517549
-0.770202
2.786881
0.447621
-0.175622
-2.957098
0.727544
0.810578
0.886363
0.262064
0.822923
-0.579729
0.181878
1.027227
-1.698116
-0.366727
0.073043
-1.109809
-1.303553
1.522881
0.322895
1.112326
-1.197893
-1.317567
-0.698544
1.105854
1.459919
-1.727283
0.907925
-0.286562
0.543338
0.294031
1.070845
0.868846
-0.338290
0.925157
1.359272
-2.259570
0.791021
0.894725
0.687068
0.109824
0.037780
-0.656668
-0.904204
-0.666826
-0.385633
-0.461292
0.519333
-1.388894
0.314864
0.274433
0.124084
-0.918567
0.956940
-0.496757
0.839365
-0.346047
-0.048451
1.724772
1.274864
1.715262
-0.183415
0.886134
1.539605
-0.171578
-0.218894
1.372396
-0.832051
-1.251171
1.298782
1.469923
-2.998652
0.137914
0.810030
0.604285
-0.309070
-0.645800
0.131636
0.399808
1.038078
-0.118987
-0.156203
0.376290
0.769810
0.512366
-1.649465
0.157833
-0.247719
-0.406906
0.543884
0.488679
-0.721304
-0.449019
1.002753
-1.836777
1.825669
-0.425716
-0.058095
-1.870590
1.378596
-0.441957
-1.618352
-0.633076
1.271440
-0.075953
0.290710
-0.480269
-2.528512
-0.006633
-1.419738
2.217050
-0.610606
0.564410
-0.096054
-0.279140
0.271350
-0.794371
0.108906
-0.228536
-0.046501
0.440446
0.928027
-0.648104
1.276835
-0.856246
0.194315
0.432773
0.013949
-0.828441
1.171871
-0.530100
-1.169130
-1.260424
1.371859
-1.465370
-1.844595
0.369441
0.132680
1.448735
0.978343
-0.846138
-1.565738
0.165506
-0.138763
2.003120
1.643596
-0.565377
1.958729
-0.002418
-1.024073
-2.204355
0.205212
-0.703700
0.805090
1.091778
1.214664
1.198143
-1.197971
0.663242
-2.033530
1.038421
-0.586220
-0.587808
0.877000
0.423488
-0.573406
0.949699
0.338179
0.369445
1.615465
0.791793
-1.418689
-0.219737
0.141001
0.217724
1.252104
1.852250
0.034393
-0.027332
-0.211493
0.457438
1.963015
0.756077
0.270655
-0.410510
-0.737072
-1.563333
0.637886
-1.208506
-0.579450
0.170450
0.889035
0.265279
1.789476
-1.961562
-0.595469
0.348908
-0.691326
1.006583
0.139486
-0.550108
0.084599
0.801473
-0.129449
0.038112
-0.453142
1.352008
-0.693688
-0.892159
0.349991
0.845572
0.213043
0.660458
0.675734
0.914848
-0.935209
0.399150
1.179389
-0.382644
-0.774535
0.011131
-0.268176
0.680277
0.241216
-1.339952
0.263984
0.720828
0.075285
-0.796205
-0.885707
0.914224
0.920391
-0.766498
-1.108498
0.176813
0.603023
0.250071
0.727012
0.952428
1.706411
-1.272201
1.249093
1.081458
1.090484
-0.513923
-0.747454
-1.396275
-0.936154
-1.663513
1.163407
-0.860646
0.301809
-0.946681
0.163100
-0.751291
0.556150
-1.478099
-0.951381
-0.781038
-1.487363
-0.947759
-0.182265
0.724614
-1.543556
1.367503
-0.146068
-1.004130
-0.594364
-0.077731
-0.009275
-0.224937
-0.931597
-1.544840
-1.340537
1.012787
-0.566126
-0.653098
0.519051
-0.520780
0.622892
-1.091305
0.380471
-0.292869
0.472345
-1.993109
-0.000446
0.206661
0.159278
-0.144551
-0.514038
0.740913
1.380321
0.520526
-0.679803
-0.189624
0.445470
-2.343146
-0.088638
1.548806
-1.542120
-0.249864
0.497692
1.988914
-1.122465
0.680377
0.935293
0.004615
0.494006
0.360109
0.150450
1.074660
-1.032903
-1.724586
1.131200
0.578578
0.631418
-0.654958
0.169419
0.122248
2.213192
-0.369509
0.273533
1.169704
-0.110681
1.182396
-1.147051
0.043197
0.016048
-0.637632
1.815273
0.694145
1.778548
0.648027
-1.469913
-1.397823
0.246133
0.888758
0.133592
-0.455239
-0.643115
-1.225134
1.137379
0.222692
1.114829
-1.184358
0.245887
2.106436
-0.638612
2.591049
-0.322224
0.129768
0.361018
-0.265774
-0.106676
-1.347454
-1.206540
0.334196
-0.340822
1.540312
-0.699451
-2.029754
0.134076
0.029671
1.201308
0.013720
-0.314578
0.312562
0.003109
-0.948268
-0.098174
-0.846946
-1.325897
-0.179147
-0.491640
1.684723
0.809008
1.768450
-0.216411
-0.561805
0.381266
2.514319
-1.758655
1.152441
1.131588
0.115681
-0.727937
-1.204463
0.338656
1.280005
0.932320
2.499784
-0.760120
0.890461
-1.673363
1.065335
-1.069866
-0.766985
-0.775003
-0.726132
-0.695566
0.463837
0.830543
1.385337
1.706197
0.023390
-0.899057
0.533158
-0.072517
1.205182
-0.186264
-0.142770
0.399055
1.918978
1.385654
0.288062
-0.594376
0.801881
-1.520881
0.293012
0.456994
0.445780
-0.269834
-0.490693
-0.680757
-0.949070
0.628453
-1.792384
-1.091559
-0.891271
-0.938100
-0.095215
-0.298141
-0.105992
-1.719286
1.387775
0.243372
1.475631
0.855656
0.989119
0.939237
-0.887702
1.206696
-0.841743
0.040746
0.083311
-0.471280
1.700012
0.558588
0.461272
-0.897282
0.517470
-0.136860
-0.121206
1.064191
0.056124
-0.500079
-1.374801
0.248560
-0.726061
0.584125
-0.772481
0.580037
0.213938
-0.317899
0.956444
0.369120
0.809350
1.358254
-0.034444
-0.218368
-0.808702
-1.216965
0.738873
-0.945344
0.672592
-0.096410
1.539317
-0.157389
1.452200
1.686174
-0.137303
-0.341134
-1.933072
1.931599
0.734505
0.465522
-0.143226
-0.989045
0.088848
-0.326857
2.466340
-1.691775
-0.487671
-0.970971
1.063498
-1.142209
-1.119030
0.708211
0.864075
-0.613490
2.506545
1.048750
-0.945506
1.005829
0.249774
-0.653802
-0.619219
1.131868
0.609269
-0.454611
-1.198631
-0.654165
0.117095
-0.760785
0.267932
-0.083763
0.832927
0.591700
0.115827
0.897705
-0.734387
-0.971134
-2.562601
1.710043
-0.649781
0.996233
-1.952803
-0.573401
0.266029
0.236413
-1.431521
-1.023792
2.383810
-1.358135
0.175868
-0.178279
-0.140333
0.223249
1.223891
-1.771574
2.232053
-1.070557
1.497239
-1.228075
-0.563997
0.075407
-0.478464
-1.381681
0.040063
-0.729318
-0.249248
0.080205
-0.461641
0.636718
-1.136264
0.769031
-0.167288
1.038640
0.540451
-0.782630
0.446077
-0.968780
0.082257
1.372350
1.539022
0.151291
-1.936414
0.080828
-0.209979
0.153290
1.913217
-2.377766
0.248834
-0.038880
0.837242
0.778752
0.713214
0.191433
0.785296
1.029809
-0.143723
0.061873
1.327611
-1.615992
-0.252577
0.773660
0.751454
0.388407
-0.382037
0.005793
1.474648
0.476737
-2.474159
0.145929
0.716368
-0.177106
0.108631
0.825954
0.145013
-0.670345
-1.374532
1.287208
-2.639485
-2.527582
1.101006
-0.002333
0.225954
-1.698828
-1.424450
1.629739
-0.128612
-1.175408
-0.414769
-0.451838
0.498266
-0.442465
-0.788435
-0.330641
0.867103
0.581396
0.406179
1.391307
-0.830513
-0.403410
0.725016
-0.493218
0.372545
-2.914858
1.894701
-0.755972
1.355694
1.181451
-1.369477
1.234317
-0.986201
-0.142631
1.266452
-1.299086
-1.434430
2.148535
-0.709622
0.018609
-0.218674
-0.014082
-0.995542
-0.111418
0.137115
0.792570
0.427591
-1.464501
0.536211
-1.507879
2.132149
0.718546
0.419986
1.636646
-0.297287
-1.022983
-0.956647
-0.566480
-0.831706
0.738200
-0.886962
0.474855
0.729469
0.624161
0.576032
-1.350136
0.645035
0.741376
1.799393
0.223639
-0.596145
0.855919
-0.822543
-0.272279
1.103821
0.071772
0.530068
-0.366919
-1.622992
1.048265
-1.113014
0.581994
-0.626364
1.062353
-0.411223
-0.879380
0.473604
0.050751
-0.801172
-0.383849
0.133150
0.888687
0.457547
0.409970
0.812023
1.313179
-0.399032
0.233372
0.580414
-0.574442
-0.894210
0.488538
1.504996
0.606007
-0.694947
1.368298
-1.183141
1.462332
-1.676002
-0.304603
0.422939
0.610359
-0.396268
1.163066
0.443293
-1.039559
0.621740
-0.096285
-2.409623
-0.934161
-0.889132
0.737456
1.299692
0.331114
-0.012885
0.405565
0.482547
0.786152
-0.784246
0.098166
0.037408
-0.951788
1.318878
-1.380967
-1.440674
1.070644
0.642147
-0.332356
0.074904
0.420609
-1.483188
0.084340
1.598320
-0.002921
-0.857278
-0.434264
0.374161
0.440649
0.939017
-0.058103
-2.257062
0.442527
0.439725
1.275055
-0.398758
0.254713
-0.008628
-0.959082
-2.107704
-0.066371
-0.088984
-0.350072
0.843590
0.107784
0.792808
0.745171
0.052594
-1.998834
0.845125
0.198872
-1.884178
-1.459261
1.331881
-2.050185
-0.615937
-0.400332
1.336230
0.324738
-0.113678
0.726933
0.670546
0.079963
-0.181859
1.511610
-0.071965
-1.660539
1.660919
-0.329482
0.531107
0.067924
0.086458
0.228919
-0.029176
-0.297712
-0.629627
-0.105427
-0.429133
0.782446
0.246905
-0.576545
0.117522
2.060147
-1.735007
-0.916826
0.293316
2.093512
0.471817
-0.830374
-0.728702
1.066056
0.646294
-0.723019
-0.257937
-0.452223
0.405992
-0.511431
0.041126
0.532738
-0.071348
0.161138
0.149324
2.320225
-0.428433
0.047568
0.466855
0.602450
1.634385
1.419086
2.188838
2.030882
0.913415
1.695594
-1.550037
0.620635
-1.878076
0.808819
1.010080
-1.135198
-0.395855
-0.083703
0.512942
-0.164926
-1.321150
-0.417057
-1.678546
0.180691
1.471846
-0.287512
1.748963
0.130848
-0.347164
0.437966
-1.496771
-0.765712
-2.846966
-1.246009
-0.132069
0.764194
-0.821452
-0.136639
-0.772373
0.614119
0.906669
0.685337
-0.215217
-1.555769
0.936956
-0.102444
0.256959
0.909328
1.605807
-1.298556
0.451041
-1.284725
-1.745255
1.045609
0.083265
0.091878
0.525516
0.844856
2.637566
2.522220
0.658273
0.794658
0.592240
0.351946
0.924864
-0.013781
-1.046106
1.102730
-0.291880
0.440241
0.753806
-0.824468
-0.803652
0.294688
0.627196
-1.311012
0.235847
-0.728387
0.549645
-1.587809
-0.753738
0.815537
-0.004935
-1.275563
0.714161
-1.539693
0.441575
-0.141374
0.604933
-1.768771
0.254860
0.139718
1.300434
-0.218896
-0.456772
-1.260882
0.126433
1.156822
0.688708
2.103312
0.625326
-1.144530
0.978929
-2.083688
-1.884294
-0.156617
-1.489223
-0.830693
2.182426
-2.243271
-0.376173
1.992389
-0.237446
0.733254
-1.365901
-1.219443
-0.021787
0.819008
0.648466
0.639585
0.720331
-0.553461
0.874906
-1.155459
-0.028180
1.968750
-0.799841
-0.897331
1.585032
-0.710147
-0.642410
-1.623899
1.195332
1.256562
-1.022359
0.460178
1.264475
-1.828400
0.355545
0.343428
-0.744823
-0.075280
-0.558641
-1.137801
0.016046
-0.754298
1.278287
1.495508
0.473683
-1.561388
0.144515
-0.430399
-0.773319
-0.729712
0.194020
0.726623
-0.967144
0.823901
0.480217
-0.182262
0.936810
-0.286668
1.665422
1.720771
-0.312412
-2.274309
1.352416
0.536289
0.038181
-0.217205
1.267492
-0.424791
0.105092
-0.338324
0.188672
-0.582616
0.160031
-1.277039
1.885045
-0.495344
0.613580
0.755692
1.632663
-0.366271
-0.705310
0.770931
0.634433
1.484488
0.570755
0.817016
-1.184458
1.081954
-0.627398
-1.550175
1.365907
-0.240774
1.045476
0.176138
-0.112464
0.342266
0.669361
-0.535359
-0.026506
1.223703
1.716000
-1.179063
-1.017386
0.537238
-0.215530
-0.426127
-0.570224
-0.110771
-1.020571
-0.388109
-0.222504
0.996006
0.124265
0.827766
-0.467839
-1.438572
0.147290
0.454050
-2.654313
-1.265602
-0.899705
-1.179457
-0.865637
0.040660
0.966734
1.109922
0.282031
0.016640
0.529740
-1.758577
0.981615
-0.336792
-1.210307
0.022036
-0.307904
