0.037563
-0.594765
0.612801
1.301237
0.411564
0.356351
-1.527752
-0.869471
0.765457
0.086520
-0.385406
2.093265
-2.093720
-1.168748
-1.186493
0.377381
0.107338
-1.039569
0.043724
0.235433
0.386522
1.301430
-0.112708
-1.105773
-1.376314
0.423396
-0.276633
-0.279762
-1.284104
1.055829
1.335095
0.155522
-0.427796
0.813909
-0.348058
-1.509902
-1.507401
0.044224
0.580868
0.460994
0.671862
0.743749
1.344184
-2.430969
1.585123
0.346276
-1.425657
2.280419
0.605028
0.330908
0.518738
0.683627
0.207122
1.021862
-0.173423
-0.584374
-0.620837
-0.604910
-0.825313
-0.012455
-0.444686
0.926956
1.409092
0.114773
-0.130995
0.409830
-0.420307
0.686482
1.513229
-0.471570
0.491937
0.546621
2.605395
-0.969401
-0.786136
1.029228
0.037826
-0.242983
1.270796
1.743295
0.358427
-0.521288
-0.726416
0.490244
1.293651
-0.471898
-1.817012
-1.596933
-0.257111
0.767764
1.203798
-0.838376
-1.219024
1.093653
-0.774166
-1.439019
-0.517504
-0.630590
1.539995
0.890943
1.641939
0.624083
-1.037363
0.330121
-0.396524
0.017583
1.431080
1.206886
1.145630
0.524480
0.767805
1.773809
-0.538214
-1.344616
0.032563
0.228151
-1.327161
-0.285515
-1.863806
-0.240580
0.996995
0.701996
-0.888882
-0.812481
-1.175176
1.517768
0.927733
1.115937
