-1.470470
1.127758
-0.368030
1.947074
-0.223420
-0.436905
-0.594352
0.452706
0.238085
0.337705
0.037288
-0.882595
-0.241015
0.795208
-1.345135
-2.401769
-0.889249
-1.066694
-0.660912
0.205737
-0.117298
-1.604295
0.915686
0.127624
0.300668
-0.910403
0.380135
0.162496
-0.918633
-0.477190
-0.151734
0.364898
-0.261620
1.878801
1.821583
-0.684014
-1.980101
-1.213418
1.146050
-0.448514
-0.274661
0.292535
-1.715937
1.698905
-1.650296
-1.315653
-0.188206
-1.366302
0.244865
1.034254
-0.086503
1.456016
0.445450
-0.118309
0.822322
0.455563
-0.360839
1.030003
-0.778863
1.728317
-0.211281
-0.751176
-0.761352
0.921724
-1.845217
-0.080893
0.220906
1.190526
0.018982
1.645400
1.101359
-0.873723
1.249618
1.925957
-1.223636
0.368141
-0.811578
1.038527
-0.592930
1.656753
0.589027
-0.856140
-1.886990
0.633896
2.047176
-0.710746
-0.207307
1.588145
-2.062959
-0.445975
0.259749
-0.176864
1.616669
-0.823434
0.059773
1.167361
1.878391
1.789018
1.645390
-1.538237
-0.687291
-0.480862
0.431619
-1.027344
0.036767
-1.568104
0.281553
-0.419055
-0.377190
0.513407
-0.079674
0.379941
0.019505
0.459902
-1.399886
-0.442339
0.101677
-0.317444
0.011110
1.382205
0.228558
1.821377
0.638290
-0.233067
0.770165
0.893857
-0.440022
-0.610161
1.319021
0.304025
-1.312948
-0.550258
0.752167
-1.051495
-0.152936
0.328343
1.398005
-1.838992
0.830161
-0.315364
0.072872
-0.725519
-0.644376
-0.184712
-1.765509
-0.227298
2.032376
-0.311149
0.514392
1.315960
-0.210757
-1.717986
0.617481
-0.723919
-0.737814
-0.720670
1.303663
1.510832
0.741200
0.380293
1.793337
-1.047719
-0.485523
0.589389
2.184170
0.303971
-1.000945
-0.674032
-0.404696
1.297445
-1.509243
0.097717
-0.552931
-0.121242
-0.307656
-0.416624
0.583390
-0.088756
-1.318479
-1.196510
0.650190
1.168451
0.392496
1.063335
-0.756376
0.238218
-0.338921
0.503254
0.509067
0.689994
0.191352
0.119612
1.752193
-0.145847
1.954071
-1.360821
0.444183
-0.086637
-0.632996
1.952826
0.103024
-0.343836
1.503310
-0.331190
-0.522876
1.410740
-1.027243
0.014767
0.307625
0.045619
-0.191113
0.232649
1.029295
-0.538402
-0.020891
-0.596353
-0.153304
-0.540037
-0.289141
-0.200936
-1.213098
-2.997762
-1.243479
-0.152208
1.247525
-0.522619
-0.835812
-0.732747
0.716725
-1.735961
-0.067215
0.066472
0.859348
-0.753257
1.309183
0.555184
0.964573
2.330494
0.292860
0.521651
0.007279
-0.442287
1.185282
0.407981
0.050966
2.428223
1.182290
-0.744476
0.359496
-1.101218
1.452914
0.161337
0.485293
-1.008416
-0.282290
-0.461718
0.117237
0.984796
1.938131
0.043778
0.909137
0.707420
0.635985
0.823023
0.426174
-1.744784
-0.303019
0.810228
1.609547
0.105058
0.621141
1.035428
2.139273
-1.246840
0.468598
1.711381
-0.944612
0.659730
-0.865094
-0.287399
-0.795840
-0.165681
1.022187
-0.963552
-1.088557
-0.874041
0.277497
1.438111
0.345337
0.164224
-1.115139
-1.816819
-0.548805
-2.152260
-0.199259
0.493535
0.248678
-0.393995
0.086835
-0.935799
-0.301824
0.049003
-0.355790
-1.257966
-0.542498
-0.750370
0.661956
1.899659
-0.506392
-0.521918
0.027524
1.132401
-0.283784
-1.753077
1.370328
-0.770125
-0.095642
0.248778
-0.162758
0.159203
1.060658
-0.716687
-1.361973
-2.173812
0.279608
-0.653985
-2.983766
-0.022489
0.462471
1.236730
0.437278
0.769267
1.070233
-1.772669
0.007305
-0.810880
-0.173602
0.601625
-0.486178
-0.838628
0.528688
0.622085
0.885464
-0.246878
0.674625
-1.235562
1.302724
1.043898
1.620937
-0.281519
0.676775
1.231841
1.216137
0.360199
1.517846
1.367530
0.510021
-0.398826
-0.229374
-0.463522
-0.867384
-0.065320
-0.049215
1.446692
-0.332892
-0.991696
-0.551186
0.016809
-0.460706
0.579323
-1.616105
0.468724
-3.113069
1.119883
-0.063543
1.224123
-0.236566
-0.421587
-0.244949
0.374914
0.016360
-0.673882
-0.896889
-0.851298
1.500728
0.044479
-0.434611
-1.561227
0.848090
-0.626725
-0.057526
-1.031712
0.157420
-3.146523
0.871405
0.142324
-0.677350
-0.847987
-1.646281
-1.448711
0.537956
0.370575
0.594745
0.968492
1.044157
-0.220157
-1.085246
0.992657
-0.578131
-0.359219
0.903784
-1.248257
0.758144
-0.484882
-0.777324
-0.392566
2.737973
0.033746
-0.434428
-0.730561
-1.438551
0.232192
0.057029
1.362213
-0.135007
0.803483
1.005143
-0.798647
-2.513314
0.578011
2.568477
-0.540622
1.690002
-0.905055
0.206487
-0.194664
0.253613
-0.274825
0.397815
-2.277835
1.600346
1.864003
0.144425
-0.578909
0.728250
-1.293901
1.133935
0.459774
1.876743
0.693559
-0.184506
1.113532
-0.195106
-0.170478
0.926376
-1.773218
-0.741519
-0.822775
0.234627
0.863381
0.385469
1.450615
0.363455
-0.978011
0.591862
-1.838963
1.418776
-0.636321
1.771042
-2.063221
-0.018505
1.033615
0.132417
-0.465784
0.072983
-0.310600
0.750423
-0.875898
0.992874
-0.367152
-0.001293
0.100252
1.833491
-0.025719
0.813466
-0.823546
-1.728666
0.656665
0.048577
1.231941
-0.941994
0.478304
2.188781
-0.723344
-0.117136
1.732293
0.264579
1.302642
2.716224
-0.155509
-1.327955
-0.972463
1.499146
0.147584
-0.667236
0.606228
0.211607
-1.724600
-2.091444
-1.407655
0.954561
0.181457
-2.299914
0.503027
-1.353546
0.653931
1.840263
-1.224652
-0.309449
1.101442
-1.285050
-0.457517
-0.563934
-0.647131
0.377724
0.354838
-2.029571
0.970740
-0.446492
-0.186684
1.180968
0.707483
-1.037118
-1.307965
0.544462
0.822618
-0.114608
1.151147
0.993813
-0.137774
2.387573
-1.354276
-1.947636
2.052804
-0.262316
-0.522315
-0.576571
-0.707581
0.070988
0.179774
-0.519201
1.062973
0.803762
0.326800
-0.862042
-0.117765
1.842511
-0.091635
-0.289660
0.622275
0.272917
1.210368
0.987134
0.409676
-0.232212
-0.102503
1.255608
1.237790
0.729065
-2.554132
-0.714652
0.127847
-0.454602
-0.260108
2.560122
-0.283434
0.722667
-0.136638
1.720043
0.116848
-0.466204
0.401455
0.100878
-1.010536
1.547255
-0.273238
-0.376148
-0.393815
2.190443
0.353155
-0.281974
0.911779
0.066307
-0.367332
-0.450893
0.539424
-0.933703
0.381345
0.242821
0.569618
0.240474
-1.658813
-0.319049
-0.690498
0.785538
0.390773
-0.755087
0.031490
-1.384481
0.478773
-1.141170
2.184605
0.082697
0.759422
-0.383171
0.555802
0.104764
-0.595591
0.004769
0.611905
-1.345309
-0.933266
-0.284545
-0.102874
0.994340
1.304050
-0.329410
0.163908
0.228475
0.089416
1.453801
0.144154
-1.245047
-1.179910
-1.416429
0.446893
-0.643065
-0.394932
-0.576911
0.421625
-0.747055
1.436742
-0.011655
0.352390
-1.297918
-1.106302
-2.030309
-0.827356
-1.666921
0.163622
-0.245811
-1.261063
0.044477
-1.226114
0.853756
0.562067
0.410777
-0.435188
0.695572
0.950635
-0.396444
-0.484874
0.065860
-0.588424
0.250591
0.945029
1.879012
-0.402345
1.034141
0.826225
0.620768
2.421118
0.087813
0.771024
-0.023576
-0.669528
-0.324111
1.734096
-0.251558
0.491764
-0.262894
-0.487923
0.680902
0.476344
-0.361325
1.662861
0.084729
1.463093
0.862707
-0.428589
-0.724760
0.191005
-1.134905
-0.885377
-0.783478
1.462170
0.148599
-2.417185
-0.241321
-0.653651
0.551584
-2.002743
0.198511
0.446534
-0.764770
0.167848
-1.612126
0.354804
0.220144
1.347818
-0.010315
0.418721
-0.102422
-0.314579
0.305927
2.040877
-0.162498
-0.135498
-0.617080
0.826080
0.268238
0.420240
-0.173321
0.751189
1.664335
1.439214
-0.151234
1.022993
0.675100
0.642580
0.073853
-2.507121
-0.206847
-0.679525
0.787458
0.201429
1.009859
0.263749
1.060330
0.517613
1.228695
-1.026894
-1.172236
-2.783433
-0.463709
-0.045003
-1.059238
1.588190
-0.513070
1.268809
-0.078335
-0.039502
0.165475
0.955575
0.253865
-0.937792
-0.518577
-0.362821
-0.235081
-0.371308
-0.840488
0.007553
1.972167
-0.903559
0.739467
0.216993
-1.106144
-0.571668
-1.128102
0.389407
-0.792875
-1.130845
1.227716
0.504889
-1.519246
2.126504
-0.457012
-0.417184
0.246862
-1.064581
0.410946
-0.830662
0.870755
-1.203190
-1.457919
-2.259930
-0.637001
-0.533747
-0.503619
-0.120757
-0.053542
-1.552936
1.514065
0.034516
-1.794608
-0.102163
1.519378
-0.876652
-1.454856
-1.289110
0.330375
-0.863859
-0.079495
1.505530
0.459584
-0.000160
1.304602
-1.935906
1.957075
-0.944965
-1.112896
-0.419634
-0.062710
0.370472
0.902638
0.563951
0.228275
1.596660
0.711412
1.531496
-0.507027
0.018110
1.309504
-0.218056
1.584030
-0.001449
1.227025
-1.433673
-0.048210
2.109799
-1.766688
-0.485312
0.509123
0.534480
1.517218
-0.437029
-1.407205
0.086285
0.575080
1.247708
-0.542648
0.533862
1.110034
-0.106915
0.425110
-0.556264
0.551428
1.042455
0.407213
1.140812
-1.873624
-0.553443
-0.033740
0.927914
0.009819
-1.244285
0.116414
-0.252916
0.415299
-0.323390
0.227275
-1.572887
-0.966259
-0.323483
2.456875
-1.111985
2.195050
0.003368
-1.696013
1.346380
-0.003553
2.411134
-1.481323
0.217740
0.513170
-0.572304
0.675662
1.378286
0.091389
0.883380
-0.284036
0.644850
-0.429021
-0.092623
0.006778
-1.204875
-1.321517
1.145197
-1.018211
-0.169381
0.708095
-1.076405
1.247421
0.991249
-0.688831
-0.951380
-0.597689
0.730474
0.852633
-0.346182
0.090249
-1.013732
-0.267839
-0.340509
2.526192
-0.508508
-0.938164
-1.405936
1.239078
-1.147815
1.373835
0.656342
1.211925
1.460732
0.898053
-1.658612
-0.589764
0.390062
-1.593607
2.538391
-0.703128
0.150509
0.783043
-1.951717
1.177997
0.734756
2.080233
-0.326246
-0.692118
0.434869
-0.466176
-0.468142
0.935807
2.141255
0.363853
0.290507
-1.328189
1.840431
1.720287
1.236919
0.426452
-1.120928
0.635235
0.649389
-1.222135
-0.636884
0.890270
1.333647
1.045891
-0.590580
1.899963
-1.171294
-0.007210
0.564971
0.957686
-0.992691
0.362669
-2.375070
0.663502
-0.330381
-0.501001
0.213319
-0.448533
1.263309
-2.074058
0.063164
-0.584264
-1.901987
-0.714724
-0.438735
-1.236881
-0.582058
0.446864
0.447389
1.222575
0.743402
-0.434677
-0.996419
1.199351
-0.953792
-0.066664
0.468837
0.911019
0.167655
0.576769
-0.746384
0.155750
-0.241925
-0.600616
0.089956
0.039164
-0.903987
-0.394471
-1.410335
-0.885284
0.400826
-1.166363
0.688678
-1.402302
1.180663
-0.684190
0.366710
-0.448637
-2.110022
-0.483801
-0.692140
-1.511147
-1.023217
2.192369
-0.164056
-0.027275
-2.373728
-0.092158
-0.485258
0.109925
-1.669409
1.004701
0.104014
-1.860846
0.547469
1.003309
-0.207078
0.331389
0.800564
0.333126
0.831936
1.537585
-0.052069
0.361907
-0.334903
-1.527211
0.793172
-0.573258
-0.113557
0.604666
0.089820
0.938276
-0.954430
1.261807
0.081291
-0.490987
-0.618682
0.357595
-0.793810
-2.330224
0.328389
2.454846
1.028467
1.372547
-1.277002
-0.591316
-1.502589
1.584000
-1.150106
0.243570
-1.448406
-0.115808
0.929973
-0.374726
-0.372754
-1.843111
-0.243340
-1.007753
-0.795505
-1.033859
0.992587
0.841660
0.998420
1.194707
0.036528
0.740362
1.304004
-1.854537
-2.311633
1.012883
0.850752
0.299500
0.292524
1.040582
-1.111566
-1.003685
2.112492
0.996584
0.306789
-0.237855
0.000879
-0.187139
0.987337
0.029084
-0.136448
2.627649
-1.567926
-1.909092
-0.684032
-0.346066
1.201010
-0.614739
-0.551839
0.411654
-0.239479
0.493881
-0.539253
-0.368078
1.161514
-1.631713
-0.980429
1.628772
-0.398367
-1.897984
-0.449346
-0.043124
1.358061
-0.202611
-1.435121
-0.674908
-0.139604
-0.229346
-0.716439
-0.726133
0.188679
-0.464181
-0.079683
0.159010
-0.019496
-0.666918
0.308322
-1.147866
-1.265753
-1.293280
-0.544757
0.926253
0.501687
2.661814
-0.542628
-0.475030
-0.527980
0.761640
-2.532134
-1.584617
-1.075449
-0.495624
-2.118524
-1.502908
-1.192540
0.945768
-0.253349
-0.225619
-0.522990
-1.391335
-1.680502
1.651716
2.733382
0.363387
-0.170296
0.215842
1.450151
1.819133
0.559935
1.198093
0.763356
-0.928385
-0.148276
-1.096736
-0.602795
-1.082561
1.644623
0.196124
0.327872
0.065098
1.524700
-0.606808
1.902862
-0.907066
1.676940
1.141306
0.177686
0.894850
0.002741
0.454892
-0.193977
0.562115
0.188670
-1.593542
1.928459
2.866362
-0.774742
0.560495
0.458524
0.993136
-0.630298
1.176205
0.492299
0.473756
-1.038898
-0.468938
0.412873
1.181272
-0.102774
-0.467943
-0.588180
-1.178821
-0.474145
-0.025203
-1.420519
1.129093
0.494085
-0.918877
-1.493050
0.180502
-0.121780
0.838802
0.165620
-0.566398
1.196668
0.002268
0.442899
-1.722486
0.466776
0.070880
-0.462686
0.072321
0.690808
0.284803
1.635604
0.954213
2.481743
0.136378
0.743016
-0.409972
-0.927318
-0.708754
-0.904629
-0.648619
-0.127022
-2.070338
0.334114
-0.086437
-0.232086
1.842816
0.014376
-0.435702
0.428638
1.559705
-1.115705
1.969008
-0.542948
0.709843
1.644500
-0.571918
0.904333
-1.409390
-0.560510
0.498942
-0.912928
-0.522393
-0.123563
-0.428999
-1.227658
1.216895
-2.362253
1.599406
0.101114
2.121433
1.120946
-0.131288
0.925429
0.510721
-0.258611
0.081710
0.189089
0.403648
2.330090
-1.409336
-0.079234
-0.027846
1.103582
1.144659
0.018841
1.172433
0.390403
0.166149
0.154042
-0.094411
-1.770270
0.988955
-1.719774
-1.064483
-1.686551
-0.741176
-0.098858
-0.020153
1.678444
0.735016
-1.002696
0.303801
-1.913833
0.642136
0.116930
-0.994549
0.410880
0.556527
0.434890
0.394160
0.498598
0.249708
-0.109688
0.258481
-0.763890
-0.702593
1.150983
0.712054
-0.623250
2.578800
0.603850
-0.553570
-0.684465
-0.773448
-0.455827
0.277342
-1.082590
-0.432763
-1.138428
-0.051904
-1.441454
-0.440809
1.066945
-0.065147
-0.766536
-1.330548
-1.111499
-1.278969
-0.802524
-0.944571
1.536008
-0.606762
0.852235
-0.457973
0.223511
-0.411455
-0.249919
-1.049171
-1.170489
-0.422998
0.467691
1.216501
-0.079832
-0.818853
-1.106752
0.247212
-1.433547
1.008649
1.564825
-1.448671
-0.862572
-0.636269
-1.850173
1.037050
-2.481610
-0.874751
0.139492
-0.790245
1.166644
2.026933
0.630579
-1.158434
-1.419190
0.149737
0.238574
-1.291290
-0.265953
2.005124
-0.512328
0.313712
-0.307316
1.390110
0.434966
0.304879
-0.016822
-2.342224
-0.298939
-0.786652
0.561402
0.359257
3.193611
0.690659
-0.302418
-0.190057
0.564684
-0.446073
1.393553
0.465498
0.411808
-0.029374
0.359880
-0.770623
1.622547
1.167197
0.850442
0.747870
-0.561770
1.275962
-1.088997
-0.242708
0.504169
0.206446
0.921569
-1.014534
-0.393663
-0.723728
-1.175454
-0.157682
2.464528
0.559134
0.759696
-0.156089
1.506916
-0.053385
-0.059205
0.255516
-0.875395
-0.312463
0.375032
-0.489607
1.004045
-0.861004
-1.138606
0.947142
-1.137819
-0.413692
1.185646
-1.391428
1.701117
0.826857
1.427079
1.387076
-0.695541
0.483372
2.073795
2.297592
2.140201
0.297996
0.360612
2.316552
-0.952017
-0.107860
-0.756581
-0.345158
2.132652
1.320432
0.119706
-0.233979
-1.127246
0.891311
-0.539678
-1.169279
0.418700
0.598075
0.735107
-0.368058
1.927483
0.971934
-0.326102
-1.415032
0.596056
0.090411
-0.488377
-1.664327
0.393247
-0.726319
1.353333
-0.162785
1.399768
0.589599
0.718358
0.080586
1.379151
0.797934
0.677022
-0.354883
0.326931
0.755018
0.614797
1.685759
-0.189739
0.165687
0.359210
-0.175082
-0.177755
-0.284090
-0.288823
0.078328
-1.672911
0.397398
-1.036236
-0.874020
0.801017
0.990789
0.093521
-1.944395
0.266562
-0.633878
0.107189
-0.814114
-0.032452
-1.234699
0.564089
0.279156
1.314428
-0.051632
2.088643
-0.334960
-0.735091
-0.002682
-0.408294
0.708167
-0.830647
-0.657045
0.151159
0.942346
-0.575484
0.998928
0.523293
0.541447
-0.708500
0.591265
0.108183
-0.118108
1.196031
0.317561
-0.995710
0.845157
-0.563085
0.579908
-1.122281
0.094776
-0.754490
-1.851802
-1.713004
0.975169
0.336295
0.277711
-1.278308
-1.750904
0.498022
0.203563
-1.608388
0.066752
1.035899
-1.258382
-0.337796
-0.173790
-1.415369
2.105799
-1.507088
-0.625852
1.232031
2.046469
0.349294
-0.068212
2.048019
-1.785051
1.728334
0.868895
0.126952
-0.848164
0.730895
-0.219469
2.270760
0.929524
-1.474484
0.820694
0.312438
0.064747
0.712480
0.768763
1.222761
-0.574109
-0.897861
-0.383551
0.069226
0.112344
0.382848
0.003055
-0.200780
1.874700
-0.126080
-0.360475
0.442835
-0.562529
-0.650021
0.676681
-1.595308
-0.139728
0.835913
-0.091127
0.262392
-0.473807
0.928702
0.194892
-1.365123
-0.381563
-0.223892
-0.255592
-0.598198
-0.753898
-0.543373
-0.313520
-1.054135
-1.386532
0.682636
-0.346876
-0.091850
0.566497
-0.641159
0.113431
2.249100
0.729242
-0.319151
2.099129
-0.504695
0.333093
1.118687
-1.019121
-1.461889
0.678764
0.471483
-0.397984
0.572126
-1.276846
0.014952
1.909355
-0.916637
-1.929234
-1.095130
-0.149622
-0.260498
-0.035505
0.694033
-0.017546
0.413509
0.219874
0.847455
1.398282
0.700296
-0.220022
-0.574961
1.053145
-0.095182
-0.197152
-3.352903
-1.081322
0.291205
-0.006961
1.353646
0.800122
-0.957799
0.528517
-1.481137
-0.659041
0.461494
-0.919685
0.413136
-0.016259
1.509593
0.711956
1.313225
-1.702647
-0.043645
1.210415
-0.844901
0.794413
-0.081775
0.558647
0.097695
1.036801
-0.262442
0.515301
0.024458
-1.700237
-0.204435
-1.413777
-0.533053
-2.841124
-0.491537
0.310731
0.737367
1.239262
1.606611
1.078701
1.532107
-0.300402
0.416046
0.558647
-0.478569
-0.041033
0.272935
-0.170174
0.913145
-3.047230
-2.190118
1.071716
-1.035429
-0.324250
0.514423
-0.289320
0.200577
0.589568
1.262768
0.941710
2.642731
-0.752627
-0.787753
-1.110060
-1.224623
1.382630
1.287171
0.943187
-0.229391
0.645105
-0.255270
-0.217954
-1.027532
-0.702573
-1.273713
-0.653897
0.382818
-0.796641
-1.379520
0.673859
1.900186
-0.898506
1.487090
-0.974289
-0.922036
-0.653834
-0.152025
-1.453147
0.729265
1.236565
0.578599
-0.241148
-0.760894
-0.704391
-1.010167
-0.595682
1.064397
0.255570
-1.609711
-0.745835
1.906281
0.142517
2.327363
-0.881005
-0.799726
-1.105159
-0.285102
0.388366
0.925315
0.985670
-0.952271
0.286809
0.363657
0.749847
0.671529
-0.455858
-0.040424
-0.421135
0.857979
-0.658196
-0.212397
-0.269715
1.316898
0.193978
-1.933060
0.668057
0.814194
0.732568
-0.179005
-0.524023
-0.899831
1.786594
0.216088
-0.076166
1.943840
1.812019
-1.386480
-0.205274
-0.125566
0.649548
0.683053
0.564315
0.028805
-0.860759
0.657250
-1.175769
-2.325074
-0.361544
-0.595833
-0.226616
-0.415104
0.044653
1.140420
0.513471
-0.401365
0.142177
0.547870
-1.147404
0.380074
1.400254
0.298704
0.750829
0.165704
0.358332
0.042133
-0.984899
0.145600
-1.166442
-0.473513
1.635433
0.848016
1.330318
2.996758
-0.383968
0.008760
-0.661665
0.676332
0.381673
1.012768
0.616667
-1.398834
-1.157545
0.337390
1.429086
0.346848
-0.267620
0.640982
-0.302454
-1.011976
1.320038
-0.700955
-0.607230
-1.425219
-0.379397
2.160897
0.131021
0.131213
1.830776
-0.679323
-1.137779
1.688637
0.149475
0.891553
-0.079214
-0.336643
0.958819
0.465179
0.279094
2.392500
0.416333
-0.437710
0.928784
-1.715556
0.015384
1.429237
0.300134
-0.577003
0.364821
-2.686295
-2.417288
0.211807
0.324196
0.081374
0.933388
-0.616722
-0.949745
1.042664
-1.252294
-0.419515
1.097164
-0.829858
-0.410240
0.631305
-1.497039
-0.402309
-1.364480
-0.039665
0.105240
1.105045
-0.171647
-0.894750
-0.728312
-0.853130
2.069994
2.254790
0.217938
-1.880875
0.415526
-0.386975
0.530347
-1.431590
1.258566
1.320637
-1.032018
-0.905617
-0.540959
-1.722784
-0.828429
-0.396211
-0.432743
-0.753701
2.392330
-1.483964
-3.703794
0.668253
-0.084440
-0.167464
-0.080853
-0.061818
0.213024
-0.099987
-1.680019
0.313793
0.202516
-0.697025
-1.288066
1.596067
1.154955
0.789958
-0.240577
1.235883
0.127570
1.159186
-0.177305
-0.826715
-1.124530
-0.214844
-0.482369
-1.977081
-0.466532
-0.517931
0.786852
-0.297713
-0.640466
-0.234701
-2.411310
0.878591
0.313221
0.559277
0.021131
0.692324
1.518211
-0.140019
-0.799468
1.437166
-0.103770
-0.246578
0.828489
2.331488
1.261115
-0.460847
-0.501638
0.815454
-0.918290
0.764469
0.428934
0.432615
-1.966459
2.129927
-1.309299
-1.901412
0.335506
-0.284502
-0.365051
-0.511183
-1.013407
-0.395749
2.113370
-0.499833
-0.212408
0.871178
-0.704140
-0.375933
1.454529
-0.902017
-0.433138
1.438716
-0.862052
1.453750
0.417067
1.031550
0.229971
-1.559451
-0.078754
0.487869
0.588329
-0.298586
-0.373653
1.214798
0.913138
-0.191034
-0.604002
-0.241058
-0.912588
0.931152
1.937446
-0.561328
-0.827845
0.962280
1.055604
-0.104958
0.995763
2.397620
-0.104335
0.255477
0.404612
-1.529283
0.430081
-1.001019
-1.187691
-1.359719
0.667903
-0.068342
2.076192
1.130225
-1.932469
0.143050
-0.562558
0.087999
-0.216342
-0.004242
-0.014103
-0.153974
0.721894
-0.435288
-1.398986
-0.354218
0.002741
-0.467001
-0.387314
-0.190269
-0.057605
-1.572394
0.074831
-1.021682
1.429315
0.554793
0.286474
1.001648
0.056496
-0.489207
1.011826
0.462039
-0.695132
-1.162112
2.667772
0.019417
1.611113
-2.525619
0.080794
-0.234240
-0.790577
0.626947
-1.189769
-1.066389
-0.800395
-0.289600
-0.195793
-0.623698
1.719539
1.687565
-2.012780
-1.872370
0.235608
0.656059
-0.426343
2.231045
-0.279107
2.000422
-0.257552
-0.022375
1.379632
0.479150
0.494988
0.822059
0.162399
0.185070
-0.699653
0.907275
-0.690149
1.730350
0.702846
0.648453
1.411731
1.604478
0.653420
0.403336
-0.503645
0.183163
0.263921
0.479598
-0.529195
-0.502985
-0.474921
-0.351103
0.995414
-0.580882
0.749769
0.277258
0.574140
2.018202
1.156545
-0.416611
-0.069339
-0.528157
1.399668
0.654491
1.055704
0.374572
0.760815
0.913868
-0.548855
0.315354
-0.554914
2.059720
-1.860476
0.516007
2.249050
2.123056
0.033113
-0.328208
-0.239620
-0.494804
-2.009771
0.121935
-0.092662
-0.545882
0.385849
-0.474083
1.837661
-3.001508
-0.970171
-1.730863
-1.605876
0.686906
0.550794
0.202345
1.093060
-1.303332
0.642743
0.714371
-1.097524
-0.455254
2.013023
-1.074996
0.679871
-0.170345
-0.772223
0.016302
1.387416
-1.324142
-0.239684
-1.325283
0.014026
-0.744537
-0.007061
-0.454401
1.341730
1.589097
0.952197
0.328071
1.441053
-1.619018
0.142012
1.116008
-0.558453
-0.582342
0.428160
-0.197681
-0.189444
-0.552661
0.371331
0.836382
0.552681
0.564663
0.403475
-0.731401
1.044866
1.440143
-1.375423
-1.324688
0.276715
0.757504
-0.638871
-0.916727
-0.131431
1.228180
-0.688264
-0.933302
-1.826953
0.756212
-0.396102
-0.206075
-0.400910
0.664626
-0.858290
0.490107
0.472159
-0.558195
0.763553
0.099809
0.467853
-1.211568
-0.273423
0.683176
0.727854
-1.093858
-0.606930
1.003312
-0.794022
1.158661
-0.767309
0.767065
-0.654378
0.624242
-1.833642
-0.678169
-0.140186
0.785823
-0.528825
-1.904997
-1.676371
-1.390400
0.510658
0.299842
2.130544
0.187174
-1.651988
0.176361
1.153282
1.637917
-1.500652
1.148823
-1.688488
0.622878
-0.978416
-1.219279
-2.077102
0.725398
-0.408152
-0.346463
0.762371
0.783040
-0.971365
1.065972
1.147460
1.082460
-0.585655
-1.899110
0.248932
-0.086868
-0.337902
1.215560
0.741362
0.083023
-0.232689
0.219235
0.385917
-1.208560
0.481299
-0.765818
-0.872697
-0.037495
0.102534
-1.247715
0.878563
0.259279
1.607616
-1.161232
0.726006
0.920065
1.592809
-0.611662
-0.041234
-0.311424
-0.069928
-0.458618
0.438208
1.699417
0.831079
-2.012832
0.945690
-0.051475
0.005619
-0.161864
0.401138
0.544656
0.158412
-0.518885
0.814833
-0.520016
0.617743
-0.144559
0.230155
-1.322052
-1.287838
-0.734535
0.837318
-1.102344
-1.715583
-1.283615
-0.244950
0.131515
-0.695904
-0.103340
0.217647
0.475523
-0.304223
-1.269547
-0.434687
0.494917
1.618579
0.108831
-0.548686
-0.135716
-0.816357
0.050908
0.227017
-1.442220
0.441634
0.527730
-0.776034
0.081490
-0.786386
0.221920
-1.355297
-0.326256
-0.154840
0.377466
0.277007
0.437309
0.936322
0.605507
-0.381702
0.998660
1.463414
2.279420
-0.747392
-0.358506
0.555100
0.312106
0.588732
0.359263
-0.128819
0.265635
0.433778
-0.702006
0.342218
0.638462
-1.004774
-2.619213
0.439341
0.980798
0.925182
0.734012
1.084057
-0.983688
-1.251366
1.485263
-1.104974
-0.989899
-0.204070
-0.451707
-0.458536
0.901517
-1.020489
-1.088060
0.096637
0.144447
-0.416642
0.623608
0.099772
1.425430
-1.087705
-1.204552
-0.397324
0.320314
0.075497
0.124761
-1.638077
0.139721
-0.410196
-0.460249
-2.768462
-1.204922
0.652651
-1.205446
-1.209903
-0.048717
-1.576154
-0.312752
-2.001506
-0.908066
0.094169
0.327769
0.929028
-1.458374
-1.233710
0.461826
-2.740066
-1.305993
0.703524
-0.350157
-0.442650
-1.253884
-0.635206
-0.047525
1.067259
-0.767145
-2.902153
0.188642
-1.118981
-0.717769
0.676463
-0.039779
0.046076
-0.022895
0.995610
0.283677
1.743020
0.825713
2.850335
0.398530
-0.314830
-0.245153
0.266026
1.502909
-0.326072
-2.126889
-0.540571
0.648899
-0.535748
1.376612
0.360740
0.155967
-0.618420
-1.093711
0.515076
0.619130
1.463256
1.168917
0.598967
0.657471
1.513187
0.075139
1.224516
-1.342776
0.621464
-0.234655
-1.031867
-0.857380
-1.133520
1.173817
-0.512695
-0.237898
0.489485
-0.633225
-0.684837
1.661303
-1.184503
-1.734925
0.220156
-0.573220
2.268483
-1.135475
1.289286
1.846144
1.822101
-0.993704
-0.648203
-0.909683
1.228645
0.080550
1.032184
-0.371411
-0.085611
-1.473863
1.091248
-0.412117
-0.440841
0.312725
-0.351972
-0.434909
0.924025
0.982493
1.513497
0.461521
-0.986574
-0.743553
0.540057
-1.643141
0.063143
-0.335044
-0.726271
-0.574256
0.138535
-0.491577
0.182859
-1.178987
-0.399903
-0.803719
0.439415
-0.854296
1.533480
1.940276
0.212837
-0.099493
-0.593102
-0.459192
0.449173
0.904602
-0.902710
-0.084276
-0.820981
-0.008689
-0.690288
-1.471822
0.073526
-0.458620
0.420783
-0.773015
-2.859673
0.739361
0.090081
1.109325
-0.787895
-0.754638
1.429922
-0.108253
0.252556
-0.283751
-0.028783
0.319446
0.139998
1.569806
1.870534
-1.169845
1.157849
0.323946
1.302217
-1.755618
1.878766
0.324063
-0.198014
1.378969
-0.949305
-1.241505
-0.550053
-0.100150
0.645639
-0.114567
-0.193316
0.334957
-2.093388
-0.646823
-0.029957
0.135642
-0.445047
2.105772
0.329639
-0.506855
-1.236956
-1.827732
-0.059066
-1.424336
0.404907
1.236430
1.107220
1.210527
1.686509
1.156885
0.074252
0.807287
1.743058
0.554466
1.209846
-2.151152
0.706915
0.141628
0.521362
0.127380
0.285192
-0.229093
1.198555
-1.356084
-0.937854
0.124449
-0.856178
1.220727
0.497440
-0.073164
-3.013945
-0.517841
-0.073482
-0.145606
-0.284535
-2.285021
0.953601
1.386814
0.665890
1.270062
0.119399
1.506777
0.492575
-0.308024
0.238398
1.216798
-1.645778
-1.805229
-0.384659
0.285865
-1.265485
2.223133
2.043716
-1.168356
0.144511
0.478362
-0.203451
0.881833
-0.481472
-2.437504
0.597660
-0.692574
0.079612
0.090802
0.371507
-0.425607
-1.008700
-0.106331
0.226897
-0.270260
0.735077
0.454833
-1.317278
0.297939
-0.491104
0.620174
-0.985217
0.235369
-0.485263
-1.249283
0.672618
-0.831222
-0.947459
0.447383
-0.315664
-0.494376
-0.658787
0.982300
-0.392676
-0.044586
0.844923
0.734675
-0.506700
0.716012
-1.768686
0.991046
0.166705
0.463236
1.106481
0.576664
0.028424
1.243693
0.911491
-0.253080
1.900341
0.760974
-1.602363
-0.489468
0.390968
-0.181291
-0.378954
-1.066393
2.815453
-1.020923
-0.669636
-0.811380
0.105505
-0.972053
-1.928154
-1.419622
-0.822718
-0.803002
0.791961
-0.618594
-0.018346
-0.104688
-0.108769
-0.299840
-1.257363
0.040141
1.302734
0.150104
1.683035
0.920233
-0.258818
-1.313022
-0.493292
0.085341
-0.192498
-0.800495
-0.304105
0.641608
0.982940
0.846994
0.919573
-0.443578
0.199031
-2.320975
0.523303
-1.097882
1.205860
0.073474
0.111678
-0.941808
-0.735577
0.149564
-0.111604
0.893551
0.442234
-1.669949
1.218461
1.520270
2.257183
1.818308
-0.997700
-0.753155
-1.938353
0.681876
-0.153712
0.796487
-0.411880
0.093753
0.270598
-0.625038
-0.008652
0.114452
-0.582868
-1.678000
0.527291
0.213027
-0.651464
0.467517
1.212596
0.360235
0.044433
0.662075
-0.970856
1.552584
0.726883
0.190504
-0.131248
0.172685
-0.671103
-0.015511
-0.518899
0.533345
1.283548
1.202238
-0.072716
1.722677
0.023682
0.798693
0.285889
-1.187673
-1.017712
-1.469501
-1.046189
-1.788713
-0.697927
0.761707
-1.413652
-0.445287
-1.561176
-0.004435
-0.240227
-1.800910
0.693035
-0.837050
-0.031128
-0.459656
-1.402339
-0.345201
0.796564
-0.727666
-0.892798
-1.469628
-0.944836
-0.283220
-0.795110
0.568157
0.389154
0.741099
-0.813629
0.621690
0.531921
1.404558
0.461115
0.338875
1.056238
1.061565
1.815210
-0.001176
0.518045
-1.064663
0.957322
-0.040892
-0.729153
-0.176466
0.902421
0.175962
-0.603689
-1.012937
2.904916
-1.522887
-0.416380
-1.037282
0.340835
0.313921
-0.239711
2.102266
-0.689749
-0.913004
-0.351629
-0.954488
1.976268
0.274399
-0.268237
-1.450840
-1.962690
0.017339
-0.360021
-2.531509
0.004376
0.085250
-0.825937
-0.929567
-0.050587
-0.664703
0.520746
-0.313984
-0.698405
-0.044280
-1.231681
-0.356318
0.381719
-1.543148
-0.649879
-0.243118
-2.481827
-1.277927
-1.062235
0.118064
0.982390
-0.753545
-0.575830
-0.166131
-0.471888
-0.833411
1.191649
0.090305
0.683398
1.439669
0.777141
0.921503
0.866475
1.012669
-0.878778
-0.337309
1.057284
-2.257585
-0.711185
0.034672
0.306933
-0.027049
-0.595827
0.045374
0.218923
0.701964
-2.266690
-0.172862
1.404723
1.260859
0.918081
-0.815915
-0.643006
1.891808
0.037927
-1.029879
-0.493815
0.435326
0.908910
-1.462864
1.913499
-1.067293
0.750000
1.197718
-1.283057
0.776980
-0.467236
-1.472475
0.978337
-1.685264
1.495020
0.940131
-1.227324
0.820291
-0.820861
-0.273720
1.414932
-1.133543
-1.093435
-0.309540
0.273133
-2.024969
-0.495302
1.139390
0.252651
-1.484228
1.346488
-0.259785
1.723119
-0.162022
-0.162534
0.684884
-1.737604
-1.434068
1.055032
1.070578
-0.107378
-0.538809
-0.191548
-0.410412
1.434716
-0.391182
1.454579
-0.386596
0.036978
-0.392992
-0.302687
-0.332143
-0.080071
-0.864069
0.989701
0.485443
-0.796781
-0.801845
-0.455718
1.445292
-0.431455
-0.592151
0.862264
0.541810
-0.289227
-0.079821
0.982496
-0.130634
-0.623414
-1.112206
-0.326429
-0.122115
-0.733332
-1.035599
-0.027510
0.185333
-1.690686
0.442669
-1.297812
-2.453160
0.013000
0.899334
0.859052
-0.888744
0.070388
0.914920
-2.203593
0.489562
0.039338
-0.367014
-1.025839
2.447659
0.165894
-0.490366
-1.538185
-0.847417
1.754905
1.491406
0.334274
-0.370961
1.224829
-0.892066
0.540774
-1.649042
-2.232365
0.067110
0.359607
2.096001
0.967386
0.607454
0.110305
-1.789919
-0.367130
-0.992328
0.324115
-0.539802
-0.979298
0.953962
1.725875
0.547404
0.573347
-1.954304
1.179213
-1.384982
-1.018607
-1.754900
1.186453
0.737827
0.760368
0.207966
0.258577
-0.430761
0.326735
0.978371
2.037813
1.209382
0.201344
0.943520
0.267285
0.329696
0.280849
-0.086969
-0.270389
-1.325193
-0.139561
-0.463483
1.875830
-1.456054
-0.762782
1.294320
0.408094
-1.182816
1.187323
1.224161
0.185663
0.537783
0.040451
0.761918
1.510214
-0.205960
0.408455
0.389359
0.435759
0.295727
1.279556
0.031768
-0.139396
-1.098101
1.882481
-0.466457
-1.153628
0.587065
-1.427763
0.034856
