-1.470470
-0.889249
-0.261620
0.244865
-1.845217
0.589027
1.878391
0.019505
1.319021
-1.765509
1.793337
0.583390
1.752193
0.307625
1.247525
0.007279
0.117237
2.139273
0.345337
-0.542498
1.060658
-0.173602
1.216137
-0.460706
1.500728
0.537956
2.737973
1.690002
1.876743
0.591862
-0.001293
0.264579
-2.299914
-0.446492
-0.262316
0.272917
0.722667
0.066307
-1.384481
0.994340
-0.747055
0.410777
0.087813
0.862707
-0.764770
0.268238
1.009859
0.165475
-1.128102
-1.457919
0.330375
0.228275
0.509123
0.407213
2.456875
-0.284036
-0.597689
1.211925
-0.692118
-1.222135
-0.501001
-0.434677
-0.394471
2.192369
1.127758
-1.066694
1.878801
1.034254
-0.080893
-0.856140
1.789018
0.459902
0.304025
-0.227298
-1.047719
-0.088756
-0.145847
0.045619
-0.522619
-0.442287
0.984796
-1.246840
0.164224
-0.750370
-0.716687
0.601625
0.360199
0.579323
0.044479
0.370575
0.033746
-0.905055
0.693559
-1.838963
0.100252
1.302642
0.503027
-0.186684
-0.522315
1.210368
-0.136638
-0.367332
0.478773
1.304050
1.436742
-0.435188
0.771024
-0.428589
0.167848
0.420240
0.263749
0.955575
0.389407
-2.259930
-0.863859
1.596660
0.534480
1.140812
-1.111985
0.644850
0.730474
1.460732
0.434869
-0.636884
0.213319
-0.996419
-1.410335
-0.164056
-0.368030
-0.660912
1.821583
-0.086503
0.220906
-1.886990
1.645390
-1.399886
-1.312948
2.032376
-0.485523
-1.318479
1.954071
-0.191113
-0.835812
1.185282
1.938131
0.468598
-1.115139
0.661956
-1.361973
-0.486178
1.517846
-1.616105
-0.434611
0.594745
-0.434428
0.206487
-0.184506
1.418776
1.833491
2.716224
-1.353546
1.180968
-0.576571
0.987134
1.720043
-0.450893
-1.141170
-0.329410
-0.011655
0.695572
-0.023576
-0.724760
-1.612126
-0.173321
1.060330
0.253865
-0.792875
-0.637001
-0.079495
0.711412
1.517218
-1.873624
2.195050
-0.429021
0.852633
0.898053
-0.466176
0.890270
-0.448533
1.199351
-0.885284
-0.027275
1.947074
0.205737
-0.684014
1.456016
1.190526
0.633896
-1.538237
-0.442339
-0.550258
-0.311149
0.589389
-1.196510
-1.360821
0.232649
-0.732747
0.407981
0.043778
1.711381
-1.816819
1.899659
-2.173812
-0.838628
1.367530
0.468724
-1.561227
0.968492
-0.730561
-0.194664
1.113532
-0.636321
-0.025719
-0.155509
0.653931
0.707483
-0.707581
0.409676
0.116848
0.539424
2.184605
0.163908
0.352390
0.950635
-0.669528
0.191005
0.354804
0.751189
0.517613
-0.937792
-1.130845
-0.533747
1.505530
1.531496
-0.437029
-0.553443
0.003368
-0.092623
-0.346182
-1.658612
-0.468142
1.333647
1.263309
-0.953792
0.400826
-2.373728
-0.223420
-0.117298
-1.980101
0.445450
0.018982
2.047176
-0.687291
0.101677
0.752167
0.514392
2.184170
0.650190
0.444183
1.029295
0.716725
0.050966
0.909137
-0.944612
-0.548805
-0.506392
0.279608
0.528688
0.510021
-3.113069
0.848090
1.044157
-1.438551
0.253613
-0.195106
1.771042
0.813466
-1.327955
1.840263
-1.037118
0.070988
-0.232212
-0.466204
-0.933703
0.082697
0.228475
-1.297918
-0.396444
-0.324111
-1.134905
0.220144
1.664335
1.228695
-0.518577
1.227716
-0.503619
0.459584
-0.507027
-1.407205
-0.033740
-1.696013
0.006778
0.090249
-0.589764
0.935807
1.045891
-2.074058
-0.066664
-1.166363
-0.092158
-0.436905
-1.604295
-1.213418
-0.118309
1.645400
-0.710746
-0.480862
-0.317444
-1.051495
1.315960
0.303971
1.168451
-0.086637
-0.538402
-1.735961
2.428223
0.707420
0.659730
-2.152260
-0.521918
-0.653985
0.622085
-0.398826
1.119883
-0.626725
-0.220157
0.232192
-0.274825
-0.170478
-2.063221
-0.823546
-0.972463
-1.224652
-1.307965
0.179774
-0.102503
0.401455
0.381345
0.759422
0.089416
-1.106302
-0.484874
1.734096
-0.885377
1.347818
1.439214
-1.026894
-0.362821
0.504889
-0.120757
-0.000160
0.018110
0.086285
0.927914
1.346380
-1.204875
-1.013732
0.390062
2.141255
-0.590580
0.063164
0.468837
0.688678
-0.485258
-0.594352
0.915686
1.146050
0.822322
1.101359
-0.207307
0.431619
0.011110
-0.152936
-0.210757
-1.000945
0.392496
-0.632996
-0.020891
-0.067215
1.182290
0.635985
-0.865094
-0.199259
0.027524
-2.983766
0.885464
-0.229374
-0.063543
-0.057526
-1.085246
0.057029
0.397815
0.926376
-0.018505
-1.728666
1.499146
-0.309449
0.544462
-0.519201
1.255608
0.100878
0.242821
-0.383171
1.453801
-2.030309
0.065860
-0.251558
-0.783478
-0.010315
-0.151234
-1.172236
-0.235081
-1.519246
-0.053542
1.304602
1.309504
0.575080
0.009819
-0.003553
-1.321517
-0.267839
-1.593607
0.363853
1.899963
-0.584264
0.911019
-1.402302
0.109925
0.452706
0.127624
-0.448514
0.455563
-0.873723
1.588145
-1.027344
1.382205
0.328343
-1.717986
-0.674032
1.063335
1.952826
-0.596353
0.066472
-0.744476
0.823023
-0.287399
0.493535
1.132401
-0.022489
-0.246878
-0.463522
1.224123
-1.031712
0.992657
1.362213
-2.277835
-1.773218
1.033615
0.656665
0.147584
1.101442
0.822618
1.062973
1.237790
-1.010536
0.569618
0.555802
0.144154
-0.827356
-0.588424
0.491764
1.462170
0.418721
1.022993
-2.783433
-0.371308
2.126504
-1.552936
-1.935906
-0.218056
1.247708
-1.244285
2.411134
1.145197
-0.340509
2.538391
0.290507
-1.171294
-1.901987
0.167655
1.180663
-1.669409
0.238085
0.300668
-0.274661
-0.360839
1.249618
-2.062959
0.036767
0.228558
1.398005
0.617481
-0.404696
-0.756376
0.103024
-0.153304
0.859348
0.359496
0.426174
-0.795840
0.248678
-0.283784
0.462471
0.674625
-0.867384
-0.236566
0.157420
-0.578131
-0.135007
1.600346
-0.741519
0.132417
0.048577
-0.667236
-1.285050
-0.114608
0.803762
0.729065
1.547255
0.240474
0.104764
-1.245047
-1.666921
0.250591
-0.262894
0.148599
-0.102422
0.675100
-0.463709
-0.840488
-0.457012
1.514065
1.957075
1.584030
-0.542648
0.116414
-1.481323
-1.018211
2.526192
-0.703128
-1.328189
-0.007210
-0.714724
0.576769
-0.684190
1.004701
0.337705
-0.910403
0.292535
1.030003
1.925957
-0.445975
-1.568104
1.821377
-1.838992
-0.723919
1.297445
0.238218
-0.343836
-0.540037
-0.753257
-1.101218
-1.744784
-0.165681
-0.393995
-1.753077
1.236730
-1.235562
-0.065320
-0.421587
-3.146523
-0.359219
0.803483
1.864003
-0.822775
-0.465784
1.231941
0.606228
-0.457517
1.151147
0.326800
-2.554132
-0.273238
-1.658813
-0.595591
-1.179910
0.163622
0.945029
-0.487923
-2.417185
-0.314579
0.642580
-0.045003
0.007553
-0.417184
0.034516
-0.944965
-0.001449
0.533862
-0.252916
0.217740
-0.169381
-0.508508
0.150509
1.840431
0.564971
-0.438735
-0.746384
0.366710
0.104014
0.037288
0.380135
-1.715937
-0.778863
-1.223636
0.259749
0.281553
0.638290
0.830161
-0.737814
-1.509243
-0.338921
1.503310
-0.289141
1.309183
1.452914
-0.303019
1.022187
0.086835
1.370328
0.437278
1.302724
-0.049215
-0.244949
0.871405
0.903784
1.005143
0.144425
0.234627
0.072983
-0.941994
0.211607
-0.563934
0.993813
-0.862042
-0.714652
-0.376148
-0.319049
0.004769
-1.416429
-0.245811
1.879012
0.680902
-0.241321
0.305927
0.073853
-1.059238
1.972167
0.246862
-1.794608
-1.112896
1.227025
1.110034
0.415299
0.513170
0.708095
-0.938164
0.783043
1.720287
0.957686
-1.236881
0.155750
-0.448637
-1.860846
-0.882595
0.162496
1.698905
1.728317
0.368141
-0.176864
-0.419055
-0.233067
-0.315364
-0.720670
0.097717
0.503254
-0.331190
-0.200936
0.555184
0.161337
0.810228
-0.963552
-0.935799
-0.770125
0.769267
1.043898
1.446692
0.374914
0.142324
-1.248257
-0.798647
-0.578909
0.863381
-0.310600
0.478304
-1.724600
-0.647131
-0.137774
-0.117765
0.127847
-0.393815
-0.690498
0.611905
0.446893
-1.261063
-0.402345
0.476344
-0.653651
2.040877
-2.507121
1.588190
-0.903559
-1.064581
-0.102163
-0.419634
-1.433673
-0.106915
-0.323390
-0.572304
-1.076405
-1.405936
-1.951717
1.236919
-0.992691
-0.582058
-0.241925
-2.110022
0.547469
-0.241015
-0.918633
-1.650296
-0.211281
-0.811578
1.616669
-0.377190
0.770165
0.072872
1.303663
-0.552931
0.509067
-0.522876
-1.213098
0.964573
0.485293
1.609547
-1.088557
-0.301824
-0.095642
1.070233
1.620937
-0.332892
0.016360
-0.677350
0.758144
-2.513314
0.728250
0.385469
0.750423
2.188781
-2.091444
0.377724
2.387573
1.842511
-0.454602
2.190443
0.785538
-1.345309
-0.643065
0.044477
1.034141
-0.361325
0.551584
-0.162498
-0.206847
-0.513070
0.739467
0.410946
1.519378
-0.062710
-0.048210
0.425110
0.227275
0.675662
1.247421
1.239078
1.177997
0.426452
0.362669
0.446864
-0.600616
-0.483801
1.003309
0.795208
-0.477190
-1.315653
-0.751176
1.038527
-0.823434
0.513407
0.893857
-0.725519
1.510832
-0.121242
0.689994
1.410740
-2.997762
2.330494
-1.008416
0.105058
-0.874041
0.049003
0.248778
-1.772669
-0.281519
-0.991696
-0.673882
-0.847987
-0.484882
0.578011
-1.293901
1.450615
-0.875898
-0.723344
-1.407655
0.354838
-1.354276
-0.091635
-0.260108
0.353155
0.390773
-0.933266
-0.394932
-1.226114
0.826225
1.662861
-2.002743
-0.135498
-0.679525
1.268809
0.216993
-0.830662
-0.876652
0.370472
2.109799
-0.556264
-1.572887
1.378286
0.991249
-1.147815
0.734756
-1.120928
-2.375070
0.447389
0.089956
-0.692140
-0.207078
-1.345135
-0.151734
-0.188206
-0.761352
-0.592930
0.059773
-0.079674
-0.440022
-0.644376
0.741200
-0.307656
0.191352
-1.027243
-1.243479
0.292860
-0.282290
0.621141
0.277497
-0.355790
-0.162758
0.007305
0.676775
-0.551186
-0.896889
-1.646281
-0.777324
2.568477
1.133935
0.363455
0.992874
-0.117136
0.954561
-2.029571
-1.947636
-0.289660
2.560122
-0.281974
-0.755087
-0.284545
-0.576911
0.853756
0.620768
0.084729
0.198511
-0.617080
0.787458
-0.078335
-1.106144
0.870755
-1.454856
0.902638
-1.766688
0.551428
-0.966259
0.091389
-0.688831
1.373835
2.080233
0.635235
0.663502
1.222575
0.039164
-1.511147
0.331389
-2.401769
0.364898
-1.366302
0.921724
1.656753
1.167361
0.379941
-0.610161
-0.184712
0.380293
-0.416624
0.119612
0.014767
-0.152208
0.521651
-0.461718
1.035428
1.438111
-1.257966
0.159203
-0.810880
1.231841
0.016809
-0.851298
-1.448711
-0.392566
-0.540622
0.459774
-0.978011
-0.367152
1.732293
0.181457
0.970740
2.052804
0.622275
-0.283434
0.911779
0.031490
-0.102874
0.421625
0.562067
2.421118
1.463093
0.446534
0.826080
0.201429
-0.039502
-0.571668
-1.203190
-1.289110
0.563951
-0.485312
1.042455
-0.323483
0.883380
-0.951380
0.656342
-0.326246
0.649389
-0.330381
0.743402
-0.903987
-1.023217
0.800564
0.333126
-0.490987
-0.115808
-1.854537
0.029084
-1.631713
-0.464181
0.761640
0.363387
0.065098
2.866362
-1.178821
-1.722486
-0.648619
-0.571918
-0.131288
0.166149
0.642136
2.578800
-1.330548
1.216501
-0.790245
0.304879
-0.029374
-0.723728
-0.861004
0.297996
0.598075
0.589599
-0.284090
-1.234699
0.998928
-1.851802
2.105799
0.929524
1.874700
-0.381563
0.729242
-1.929234
-0.197152
0.711956
-1.413777
-0.170174
-1.110060
0.673859
-0.595682
0.286809
0.732568
-0.860759
1.400254
-0.661665
-0.607230
0.279094
0.933388
-0.171647
-0.540959
-1.680019
-0.482369
-0.799468
-1.309299
-0.433138
-0.604002
0.430081
0.721894
0.831936
-0.618682
0.929973
-2.311633
-0.136448
-0.980429
-0.079683
-2.532134
-0.170296
1.524700
-0.774742
-0.474145
0.466776
-0.127022
0.904333
0.925429
0.154042
0.116930
0.603850
-1.111499
-0.079832
1.166644
-0.016822
0.359880
-1.175454
-1.138606
0.360612
0.735107
0.718358
-0.288823
0.564089
0.523293
-1.713004
-1.507088
-1.474484
-0.126080
-0.223892
-0.319151
-1.095130
-3.352903
1.313225
-0.533053
0.913145
-1.224623
1.900186
1.064397
0.363657
-0.179005
0.657250
0.298704
0.676332
-1.425219
2.392500
-0.616722
-0.894750
-1.722784
0.313793
-1.977081
1.437166
-1.901412
1.438716
-0.241058
-1.001019
-0.435288
1.537585
0.357595
-0.374726
1.012883
2.627649
1.628772
0.159010
-1.584617
0.215842
-0.606808
0.560495
-0.025203
0.070880
-2.070338
-1.409390
0.510721
-0.094411
-0.994549
-0.553570
-1.278969
-0.818853
2.026933
-2.342224
-0.770623
-0.157682
0.947142
2.316552
-0.368058
0.080586
0.078328
0.279156
0.541447
0.975169
-0.625852
0.820694
-0.360475
-0.255592
2.099129
-0.149622
-1.081322
-1.702647
-2.841124
-3.047230
1.382630
-0.898506
0.255570
0.749847
-0.524023
-1.175769
0.750829
0.381673
-0.379397
0.416333
-0.949745
-0.728312
-0.828429
0.202516
-0.466532
-0.103770
0.335506
-0.862052
-0.912588
-1.187691
-1.398986
-0.052069
-0.793810
-0.372754
0.850752
-1.567926
-0.398367
-0.019496
-1.075449
1.450151
1.902862
0.458524
-1.420519
-0.462686
0.334114
-0.560510
-0.258611
-1.770270
0.410880
-0.684465
-0.802524
-1.106752
0.630579
-0.298939
1.622547
2.464528
-1.137819
-0.952017
1.927483
1.379151
-1.672911
1.314428
-0.708500
0.336295
1.232031
0.312438
0.442835
-0.598198
-0.504695
-0.260498
0.291205
-0.043645
-0.491537
-2.190118
1.287171
1.487090
-1.609711
0.671529
-0.899831
-2.325074
0.165704
1.012768
2.160897
-0.437710
1.042664
-0.853130
-0.396211
-0.697025
-0.517931
-0.246578
-0.284502
1.453750
0.931152
-1.359719
-0.354218
0.361907
-2.330224
-1.843111
0.299500
-1.909092
-1.897984
-0.666918
-0.495624
1.819133
-0.907066
0.993136
1.129093
0.072321
-0.086437
0.498942
0.081710
0.988955
0.556527
-0.773448
-0.944571
0.247212
-1.158434
-0.786652
1.167197
0.559134
-0.413692
-0.107860
0.971934
0.797934
0.397398
-0.051632
0.591265
0.277711
2.046469
0.064747
-0.562529
-0.753898
0.333093
-0.035505
-0.006961
1.210415
0.310731
1.071716
0.943187
-0.974289
-0.745835
-0.455858
1.786594
-0.361544
0.358332
0.616667
0.131021
0.928784
-1.252294
2.069994
-0.432743
-1.288066
0.786852
0.828489
-0.365051
0.417067
1.937446
0.667903
0.002741
-0.334903
0.328389
-0.243340
0.292524
-0.684032
-0.449346
0.308322
-2.118524
0.559935
1.676940
-0.630298
0.494085
0.690808
-0.232086
-0.912928
0.189089
-1.719774
0.434890
-0.455827
1.536008
-1.433547
-1.419190
0.561402
0.850442
0.759696
1.185646
-0.756581
-0.326102
0.677022
-1.036236
2.088643
0.108183
-1.278308
0.349294
0.712480
-0.650021
-0.543373
1.118687
0.694033
1.353646
-0.844901
0.737367
-1.035429
-0.229391
-0.922036
1.906281
-0.040424
0.216088
-0.595833
0.042133
-1.398834
0.131213
-1.715556
-0.419515
2.254790
-0.753701
1.596067
-0.297713
2.331488
-0.511183
1.031550
-0.561328
-0.068342
-0.467001
-1.527211
2.454846
-1.007753
1.040582
-0.346066
-0.043124
-1.147866
-1.502908
1.198093
1.141306
1.176205
-0.918877
0.284803
1.842816
-0.522393
0.403648
-1.064483
0.394160
0.277342
-0.606762
1.008649
0.149737
0.359257
0.747870
-0.156089
-1.391428
-0.345158
-1.415032
-0.354883
-0.874020
-0.334960
-0.118108
-1.750904
-0.068212
0.768763
0.676681
-0.313520
-1.019121
-0.017546
0.800122
0.794413
1.239262
-0.324250
0.645105
-0.653834
0.142517
-0.421135
-0.076166
-0.226616
-0.984899
-1.157545
1.830776
0.015384
1.097164
0.217938
2.392330
1.154955
-0.640466
1.261115
-1.013407
0.229971
-0.827845
2.076192
-0.387314
0.793172
1.028467
-0.795505
-1.111566
1.201010
1.358061
-1.265753
-1.192540
0.763356
0.177686
0.492299
-1.493050
1.635604
0.014376
-0.123563
2.330090
-1.686551
0.498598
-1.082590
0.852235
1.564825
0.238574
3.193611
-0.561770
1.506916
1.701117
2.132652
0.596056
0.326931
0.801017
-0.735091
1.196031
0.498022
2.048019
1.222761
-1.595308
-1.054135
-1.461889
0.413509
-0.957799
-0.081775
1.606611
0.514423
-0.255270
-0.152025
2.327363
0.857979
1.943840
-0.415104
0.145600
0.337390
-0.679323
1.429237
-0.829858
-1.880875
-1.483964
0.789958
-0.234701
-0.460847
-0.395749
-1.559451
0.962280
1.130225
-0.190269
-0.573258
1.372547
-1.033859
-1.003685
-0.614739
-0.202611
-1.293280
0.945768
-0.928385
0.894850
0.473756
0.180502
0.954213
-0.435702
-0.428999
-1.409336
-0.741176
0.249708
-0.432763
-0.457973
-1.448671
-1.291290
0.690659
1.275962
-0.053385
0.826857
1.320432
0.090411
0.755018
0.990789
-0.002682
0.317561
0.203563
-1.785051
-0.574109
-0.139728
-1.386532
0.678764
0.219874
0.528517
0.558647
1.078701
-0.289320
-0.217954
-1.453147
-0.881005
-0.658196
1.812019
0.044653
-1.166442
1.429086
-1.137779
0.300134
-0.410240
0.415526
-3.703794
-0.240577
-2.411310
-0.501638
2.113370
-0.078754
1.055604
-1.932469
-0.057605
-0.113557
-1.277002
0.992587
2.112492
-0.551839
-1.435121
-0.544757
-0.253349
-0.148276
0.002741
-1.038898
-0.121780
2.481743
0.428638
-1.227658
-0.079234
-0.098858
-0.109688
-1.138428
0.223511
-0.862572
-0.265953
-0.302418
-1.088997
-0.059205
1.427079
0.119706
-0.488377
0.614797
0.093521
-0.408294
-0.995710
-1.608388
1.728334
-0.897861
0.835913
0.682636
0.471483
0.847455
-1.481137
0.097695
1.532107
0.200577
-1.027532
0.729265
-0.799726
-0.212397
-1.386480
1.140420
-0.473513
0.346848
1.688637
-0.577003
0.631305
-0.386975
0.668253
1.235883
0.878591
0.815454
-0.499833
0.487869
-0.104958
0.143050
-1.572394
0.604666
-0.591316
0.841660
0.996584
0.411654
-0.674908
0.926253
-0.225619
-1.096736
0.454892
-0.468938
0.838802
0.136378
1.559705
1.216895
-0.027846
-0.020153
0.258481
-0.051904
-0.411455
-0.636269
2.005124
-0.190057
-0.242708
0.255516
1.387076
-0.233979
-1.664327
1.685759
-1.944395
0.708167
0.845157
0.066752
0.868895
-0.383551
-0.091127
-0.346876
-0.397984
1.398282
-0.659041
1.036801
-0.300402
0.589568
-0.702573
1.236565
-1.105159
-0.269715
-0.205274
0.513471
1.635433
-0.267620
0.149475
0.364821
-1.497039
0.530347
-0.084440
0.127570
0.313221
-0.918290
-0.212408
0.588329
0.995763
-0.562558
0.074831
0.089820
-1.502589
0.998420
0.306789
-0.239479
-0.139604
0.501687
-0.522990
-0.602795
-0.193977
0.412873
0.165620
0.743016
-1.115705
-2.362253
1.103582
1.678444
-0.763890
-1.441454
-0.249919
-1.850173
-0.512328
0.564684
0.504169
-0.875395
-0.695541
-1.127246
0.393247
-0.189739
0.266562
-0.830647
-0.563085
1.035899
0.126952
0.069226
0.262392
-0.091850
0.572126
0.700296
0.461494
-0.262442
0.416046
1.262768
-1.273713
0.578599
-0.285102
1.316898
-0.125566
-0.401365
0.848016
0.640982
0.891553
-2.686295
-0.402309
-1.431590
-0.167464
1.159186
0.559277
0.764469
0.871178
-0.298586
2.397620
0.087999
-1.021682
0.938276
1.584000
1.194707
-0.237855
0.493881
-0.229346
2.661814
-1.391335
-1.082561
0.562115
1.181272
-0.566398
-0.409972
1.969008
1.599406
1.144659
0.735016
-0.702593
-0.440809
-1.049171
1.037050
0.313712
-0.446073
0.206446
-0.312463
0.483372
0.891311
-0.726319
0.165687
-0.633878
-0.657045
0.579908
-1.258382
-0.848164
0.112344
-0.473807
0.566497
-1.276846
-0.220022
-0.919685
0.515301
0.558647
0.941710
-0.653897
-0.241148
0.388366
0.193978
0.649548
0.142177
1.330318
-0.302454
-0.079214
-2.417288
-1.364480
1.258566
-0.080853
-0.177305
0.021131
0.428934
-0.704140
-0.373653
-0.104335
-0.216342
1.429315
-0.954430
-1.150106
0.036528
0.000879
-0.539253
-0.716439
-0.542628
-1.680502
1.644623
0.188670
-0.102774
1.196668
-0.927318
-0.542948
0.101114
0.018841
-1.002696
1.150983
1.066945
-1.170489
-2.481610
-0.307316
1.393553
0.921569
0.375032
2.073795
-0.539678
1.353333
0.359210
0.107189
0.151159
-1.122281
-0.337796
0.730895
0.382848
0.928702
-0.641159
0.014952
-0.574961
0.413136
0.024458
-0.478569
2.642731
0.382818
-0.760894
0.925315
-1.933060
0.683053
0.547870
2.996758
-1.011976
-0.336643
0.211807
-0.039665
1.320637
-0.061818
-0.826715
0.692324
0.432615
-0.375933
1.214798
0.255477
-0.004242
0.554793
1.261807
0.243570
0.740362
-0.187139
-0.368078
-0.726133
-0.475030
1.651716
0.196124
-1.593542
-0.467943
0.002268
-0.708754
0.709843
2.121433
1.172433
0.303801
0.712054
-0.065147
-0.422998
-0.874751
1.390110
0.465498
-1.014534
-0.489607
2.297592
-1.169279
-0.162785
-0.175082
-0.814114
0.942346
0.094776
-0.173790
-0.219469
0.003055
0.194892
0.113431
1.909355
1.053145
-0.016259
-1.700237
-0.041033
-0.752627
-0.796641
-0.704391
0.985670
0.668057
0.564315
-1.147404
-0.383968
1.320038
0.958819
0.324196
0.105240
-1.032018
0.213024
-1.124530
1.518211
-1.966459
1.454529
0.913138
0.404612
-0.014103
0.286474
0.081291
-1.448406
1.304004
0.987337
1.161514
0.188679
-0.527980
2.733382
0.327872
1.928459
-0.588180
0.442899
-0.904629
1.644500
1.120946
0.390403
-1.913833
-0.623250
-0.766536
0.467691
0.139492
0.434966
0.411808
-0.393663
1.004045
2.140201
0.418700
1.399768
-0.177755
-0.032452
-0.575484
-0.754490
-1.415369
2.270760
-0.200780
-1.365123
2.249100
-0.916637
-0.095182
1.509593
-0.204435
0.272935
-0.787753
-1.379520
-1.010167
-0.952271
0.814194
0.028805
0.380074
0.008760
-0.700955
0.465179
0.081374
1.105045
-0.905617
-0.099987
-0.214844
-0.140019
2.129927
-0.902017
-0.191034
-1.529283
-0.153974
1.001648
0.056496
-0.800395
1.379632
-0.503645
-0.069339
0.033113
0.550794
-0.239684
0.428160
-0.638871
0.763553
-1.833642
-1.500652
-0.585655
0.102534
0.831079
-1.287838
1.618579
-0.154840
-0.128819
-1.104974
-0.397324
-2.001506
1.067259
-0.314830
1.463256
0.489485
1.228645
-0.986574
1.533480
0.420783
1.870534
-0.193316
1.107220
1.198555
0.665890
0.144511
0.735077
-0.658787
0.911491
-1.928154
-0.258818
1.205860
-1.938353
1.212596
-0.072716
-0.240227
0.389154
-0.729153
-0.351629
0.520746
-0.575830
-0.711185
0.037927
1.495020
1.346488
1.454579
0.862264
-1.297812
-1.538185
0.110305
1.186453
-0.270389
1.510214
-0.489207
-0.289600
0.479150
0.183163
-0.528157
-0.328208
0.202345
-1.325283
-0.197681
-0.916727
0.099809
-0.678169
1.148823
-1.899110
-1.247715
-2.012832
-0.734535
0.108831
0.377466
0.265635
-0.989899
0.320314
-0.908066
-0.767145
-0.245153
1.168917
-0.633225
0.080550
-0.743553
1.940276
-0.773015
-1.169845
0.334957
1.210527
-1.356084
1.270062
0.478362
0.454833
0.982300
-0.253080
-1.419622
-1.313022
0.073474
0.681876
0.360235
1.722677
-1.800910
0.741099
-0.176466
-0.954488
-0.313984
-0.166131
0.034672
-1.029879
0.940131
-0.259785
-0.386596
0.541810
-2.453160
-0.847417
-1.789919
0.737827
-1.325193
-0.205960
1.011826
-0.195793
0.494988
0.263921
1.399668
-0.239620
1.093060
0.014026
-0.189444
-0.131431
0.467853
-0.140186
-1.688488
0.248932
0.878563
0.945690
0.837318
-0.548686
0.277007
0.433778
-0.204070
0.075497
0.094169
-2.902153
0.266026
0.598967
-0.684837
1.032184
0.540057
0.212837
-2.859673
1.157849
-2.093388
1.686509
-0.937854
0.119399
-0.203451
-1.317278
-0.392676
1.900341
-0.822718
-0.493292
0.111678
-0.153712
0.044433
0.023682
0.693035
-0.813629
0.902421
1.976268
-0.698405
-0.471888
0.306933
-0.493815
-1.227324
1.723119
0.036978
-0.289227
0.013000
1.754905
-0.367130
0.760368
-0.139561
0.408455
0.462039
-0.623698
0.822059
0.479598
0.654491
-0.494804
-1.303332
-0.744537
-0.552661
1.228180
-1.211568
0.785823
0.622878
-0.086868
0.259279
-0.051475
-1.102344
-0.135716
0.437309
-0.702006
-0.451707
0.124761
0.327769
0.188642
1.502909
0.657471
1.661303
-0.371411
-1.643141
-0.099493
0.739361
0.323946
-0.646823
1.156885
0.124449
1.506777
0.881833
0.297939
-0.044586
0.760974
-0.803002
0.085341
-0.941808
0.796487
0.662075
0.798693
-0.837050
0.621690
0.175962
0.274399
-0.044280
-0.833411
-0.027049
0.435326
0.820291
-0.162022
-0.392992
-0.079821
0.899334
1.491406
-0.992328
0.207966
-0.463483
0.389359
-0.695132
1.719539
0.162399
-0.529195
1.055704
-2.009771
0.642743
-0.007061
0.371331
-0.688264
-0.273423
-0.528825
-0.978416
-0.337902
1.607616
0.005619
-1.715583
-0.816357
0.936322
0.342218
-0.458536
-1.638077
0.929028
-1.118981
-0.326072
1.513187
-1.184503
-0.085611
0.063143
-0.593102
0.090081
1.302217
-0.029957
0.074252
-0.856178
0.492575
-0.481472
-0.491104
0.844923
-1.602363
0.791961
-0.192498
-0.735577
-0.411880
-0.970856
0.285889
-0.031128
0.531921
-0.603689
-0.268237
-1.231681
1.191649
-0.595827
0.908910
-0.820861
-0.162534
-0.302687
0.982496
0.859052
0.334274
0.324115
0.258577
1.875830
0.435759
-1.162112
1.687565
0.185070
-0.502985
0.374572
0.121935
0.714371
-0.454401
0.836382
-0.933302
0.683176
-1.904997
-1.219279
1.215560
-1.161232
-0.161864
-1.283615
0.050908
0.605507
0.638462
0.901517
0.139721
-1.458374
-0.717769
-2.126889
0.075139
-1.734925
-1.473863
-0.335044
-0.459192
1.109325
-1.755618
0.135642
0.807287
1.220727
-0.308024
-2.437504
0.620174
0.734675
-0.489468
-0.618594
-0.800495
0.149564
0.093753
1.552584
-1.187673
-0.459656
1.404558
-1.012937
-1.450840
-0.356318
0.090305
0.045374
-1.462864
-0.273720
0.684884
-0.332143
-0.130634
-0.888744
-0.370961
-0.539802
-0.430761
-1.456054
0.295727
2.667772
-2.012780
-0.699653
-0.474921
0.760815
-0.092662
-1.097524
1.341730
0.552681
-1.826953
0.727854
-1.676371
-2.077102
0.741362
0.726006
0.401138
-0.244950
0.227017
-0.381702
-1.004774
-1.020489
-0.410196
-1.233710
0.676463
-0.540571
1.224516
0.220156
1.091248
-0.726271
0.449173
-0.787895
1.878766
-0.445047
1.743058
0.497440
0.238398
0.597660
-0.985217
-0.506700
0.390968
-0.018346
-0.304105
-0.111604
0.270598
0.726883
-1.017712
-1.402339
0.461115
2.904916
-1.962690
0.381719
0.683398
0.218923
1.913499
1.414932
-1.737604
-0.080071
-0.623414
0.070388
1.224829
-0.979298
0.326735
-0.762782
1.279556
0.019417
-1.872370
0.907275
-0.351103
0.913868
-0.545882
-0.455254
1.589097
0.564663
0.756212
-1.093858
-1.390400
0.725398
0.083023
0.920065
0.544656
0.131515
-1.442220
0.998660
-2.619213
-1.088060
-0.460249
0.461826
-0.039779
0.648899
-1.342776
-0.573220
-0.412117
-0.574256
0.904602
-0.754638
0.324063
2.105772
0.554466
-0.073164
1.216798
-0.692574
0.235369
0.716012
-0.181291
-0.104688
0.641608
0.893551
-0.625038
0.190504
-1.469501
-0.345201
0.338875
-1.522887
0.017339
-1.543148
1.439669
0.701964
-1.067293
-1.133543
-1.434068
-0.864069
-1.112206
0.914920
-0.892066
0.953962
0.978371
1.294320
0.031768
1.611113
0.235608
-0.690149
0.995414
-0.548855
0.385849
2.013023
0.952197
0.403475
-0.396102
-0.606930
0.510658
-0.408152
-0.232689
1.592809
0.158412
-0.695904
0.441634
1.463414
0.439341
0.096637
-2.768462
-2.740066
0.046076
-0.535748
0.621464
2.268483
-0.440841
0.138535
-0.902710
1.429922
-0.198014
0.329639
1.209846
-3.013945
-1.645778
0.079612
-0.485263
-1.768686
-0.378954
-0.108769
0.982940
0.442234
-0.008652
-0.131248
-1.046189
0.796564
1.056238
-0.416380
-0.360021
-0.649879
0.777141
-2.266690
0.750000
-1.093435
1.055032
0.989701
-0.326429
-2.203593
0.540774
1.725875
2.037813
0.408094
-0.139396
-2.525619
0.656059
1.730350
-0.580882
0.315354
-0.474083
-1.074996
0.328071
-0.731401
-0.206075
1.003312
0.299842
-0.346463
0.219235
-0.611662
-0.518885
-0.103340
0.527730
2.279420
0.980798
0.144447
-1.204922
-1.305993
-0.022895
1.376612
-0.234655
-1.135475
0.312725
-0.491577
-0.084276
-0.108253
1.378969
-0.506855
-2.151152
-0.517841
-1.805229
0.090802
-1.249283
0.991046
-1.066393
-0.299840
0.846994
-1.669949
0.114452
0.172685
-1.788713
-0.727666
1.061565
-1.037282
-2.531509
-0.243118
0.921503
-0.172862
1.197718
-0.309540
1.070578
0.485443
-0.122115
0.489562
-1.649042
0.547404
1.209382
-1.182816
-1.098101
0.080794
-0.426343
0.702846
0.749769
-0.554914
1.837661
0.679871
1.441053
1.044866
-0.400910
-0.794022
2.130544
0.762371
0.385917
-0.041234
0.814833
0.217647
-0.776034
-0.747392
0.925182
-0.416642
0.652651
0.703524
0.995610
0.360740
-1.031867
1.289286
-0.351972
0.182859
-0.820981
0.252556
-0.949305
-1.236956
0.706915
-0.073482
-0.384659
0.371507
0.672618
0.166705
2.815453
-1.257363
0.919573
1.218461
-0.582868
-0.671103
-0.697927
-0.892798
1.815210
0.340835
0.004376
-2.481827
0.866475
1.404723
-1.283057
0.273133
-0.107378
-0.796781
-0.733332
0.039338
-2.232365
0.573347
0.201344
1.187323
1.882481
-0.234240
2.231045
0.648453
0.277258
2.059720
-3.001508
-0.170345
-1.619018
1.440143
0.664626
1.158661
0.187174
0.783040
-1.208560
-0.311424
-0.520016
0.475523
0.081490
-0.358506
0.734012
0.623608
-1.205446
-0.350157
0.283677
0.155967
-0.857380
1.846144
-0.434909
-1.178987
-0.008689
-0.283751
-1.241505
-1.827732
0.141628
-0.145606
0.285865
-0.425607
-0.831222
0.463236
-1.020923
0.040141
-0.443578
1.520270
-1.678000
-0.015511
0.761707
-1.469628
-0.001176
0.313921
0.085250
-1.277927
1.012669
1.260859
0.776980
-2.024969
-0.538809
-0.801845
-1.035599
-0.367014
0.067110
-1.954304
0.943520
1.224161
-0.466457
-0.790577
-0.279107
1.411731
0.574140
-1.860476
-0.970171
-0.772223
0.142012
-1.375423
-0.858290
-0.767309
-1.651988
-0.971365
0.481299
-0.069928
0.617743
-0.304223
-0.786386
0.555100
1.084057
0.099772
-1.209903
-0.442650
1.743020
-0.618420
-1.133520
1.822101
0.924025
-0.399903
-0.690288
-0.028783
-0.550053
-0.059066
0.521362
-0.284535
-1.265485
-1.008700
-0.947459
1.106481
-0.669636
1.302734
0.199031
2.257183
0.527291
-0.518899
-1.413652
-0.944836
0.518045
-0.239711
-0.825937
-1.062235
-0.878778
0.918081
-0.467236
-0.495302
-0.191548
-0.455718
-0.027510
-1.025839
0.359607
1.179213
0.267285
0.185663
-1.153628
0.626947
2.000422
1.604478
2.018202
0.516007
-1.730863
0.016302
1.116008
-1.324688
0.490107
0.767065
0.176361
1.065972
-0.765818
-0.458618
-0.144559
-1.269547
0.221920
0.312106
-0.983688
1.425430
-0.048717
-1.253884
0.825713
-1.093711
1.173817
-0.993704
0.982493
-0.803719
-1.471822
0.319446
-0.100150
-1.424336
0.127380
-2.285021
2.223133
-0.106331
0.447383
0.576664
-0.811380
0.150104
-2.320975
1.818308
0.213027
0.533345
-0.445287
-0.283220
-1.064663
2.102266
-0.929567
0.118064
-0.337309
-0.815915
-1.472475
1.139390
-0.410412
1.445292
0.185333
2.447659
2.096001
-1.384982
0.329696
0.537783
0.587065
-1.189769
-0.257552
0.653420
1.156545
2.249050
-1.605876
1.387416
-0.558453
0.276715
0.472159
-0.654378
1.153282
1.147460
-0.872697
0.438208
0.230155
-0.434687
-1.355297
0.588732
-1.251366
-1.087705
-1.576154
-0.635206
2.850335
0.515076
-0.512695
-0.648203
1.513497
0.439415
0.073526
0.139998
0.645639
0.404907
0.285192
0.953601
2.043716
0.226897
-0.315664
0.028424
0.105505
1.683035
0.523303
-0.997700
-0.651464
1.283548
-1.561176
-0.795110
0.957322
-0.689749
-0.050587
0.982390
1.057284
-0.643006
0.978337
0.252651
1.434716
-0.431455
-1.690686
0.165894
0.967386
-1.018607
0.280849
0.040451
-1.427763
-1.066389
-0.022375
0.403336
-0.416611
2.123056
0.686906
-1.324142
-0.582342
0.757504
-0.558195
0.624242
1.637917
1.082460
-0.037495
1.699417
-1.322052
0.494917
-0.326256
0.359263
1.485263
-1.204552
-0.312752
-0.047525
0.398530
0.619130
-0.237898
-0.909683
0.461521
-0.854296
-0.458620
1.569806
-0.114567
1.236430
-0.229093
1.386814
-1.168356
-0.270260
-0.494376
1.243693
-0.972053
0.920233
-1.097882
-0.753155
0.467517
1.202238
-0.004435
0.568157
-0.040892
-0.913004
-0.664703
-0.753545
-2.257585
1.891808
-1.685264
-1.484228
-0.391182
-0.592151
0.442669
-0.490366
0.607454
-1.754900
-0.086969
0.761918
0.034856
