0.589411
-1.894471
-1.880250
-0.507500
-0.350281
0.280224
2.278899
-0.333650
0.134729
0.972026
-0.366068
0.904118
-1.202964
-0.791982
-0.295714
0.515995
-0.093988
0.707646
0.057893
-0.474844
0.709418
1.608089
-0.616396
0.188029
-0.534655
-1.016596
0.383578
-1.379947
0.359327
0.342891
-2.391522
0.826604
-0.668972
0.698105
0.551226
2.410519
-0.239281
0.895916
0.484707
0.222571
-1.764996
0.527583
0.080374
1.794810
0.795564
0.281497
0.927743
0.208399
0.525106
0.022937
0.315533
-0.517198
-0.912613
-0.427146
0.827607
0.068933
-0.199031
0.566795
-0.152836
-0.387033
0.397143
0.746069
0.345592
0.776766
0.417612
-0.464707
-0.080132
-0.724011
-0.011058
1.258355
1.394445
-1.353795
0.295087
-2.116900
0.881474
-0.826607
-1.026782
1.291414
1.675409
0.029037
1.522157
-0.109863
-0.313088
1.231381
0.553854
0.198983
0.494313
-1.264347
0.901665
1.682329
1.423387
0.419460
0.042935
0.403890
-1.005275
1.190244
-1.492779
0.745180
-1.564251
-1.536085
-0.377477
-0.210494
1.580964
0.163484
1.578875
-0.843960
0.520580
0.775645
-1.142569
-0.352828
0.721809
-0.647336
-0.136888
0.659668
0.086111
0.356267
0.919011
-0.276106
-0.396303
-0.344182
0.561573
-0.923748
-0.680231
0.400914
1.119243
-1.616229
2.457626
1.063944
0.107983
-2.176841
0.591014
-0.148842
-0.479253
-0.394547
-0.721944
0.060812
0.723975
-0.733822
-0.122564
-0.184730
-0.247524
-0.331278
1.369817
-1.745619
0.708771
-0.087385
0.625181
0.566066
-0.006416
0.568295
0.731807
-0.493252
-1.280314
0.765221
-0.148495
0.041493
-0.673559
1.168593
1.005722
0.072532
0.797826
-0.551978
-1.323912
-1.346226
0.407833
0.498880
0.024761
0.050863
-0.799666
0.880009
0.093688
0.435072
1.138752
-1.037464
-0.168579
-0.125086
-0.085144
0.911561
1.086025
0.838427
0.759382
-0.367204
0.460823
-0.176236
-0.702896
-0.126661
-1.202060
-0.031169
0.105749
-1.296472
-1.651501
0.916845
-0.761091
-1.410381
-1.898826
1.257325
1.744545
0.467806
-1.036820
0.025484
-0.519809
0.997739
-0.769761
0.654073
-0.297051
0.820212
0.214369
1.297224
0.179583
2.448334
-1.867316
-1.020863
-1.464224
-0.228555
-0.178992
0.849751
-1.733652
-0.462837
0.513240
-0.688348
-0.357982
0.714014
-0.590105
0.888859
-0.032329
-1.241991
1.880935
-0.182563
-1.078264
-0.789354
1.633796
-0.631417
2.229502
0.251519
-0.229584
-1.474068
-0.154264
-1.494241
-1.124944
-0.496241
0.794203
-0.217554
-0.401908
-0.456154
0.318034
0.713340
-1.819601
-0.410375
0.088182
-0.242894
0.422612
-2.090225
-1.105569
0.451821
-0.561562
-0.764807
0.835542
-1.735685
-0.689213
-2.463731
-1.937510
1.863007
0.504917
-1.201852
2.050675
0.042406
-1.668686
1.693332
0.780902
0.713909
0.954015
-1.837476
0.495443
-1.320186
1.641861
-0.967233
-0.574295
1.482868
-0.394100
0.724570
0.658390
-1.857076
-0.640156
0.948783
0.480241
0.951178
-0.068540
-0.075940
-0.935668
-2.020300
-1.274343
1.028938
-0.461765
-0.893665
-0.855480
-0.408994
-1.477348
2.480783
0.809402
0.033417
-0.729207
1.878209
1.092434
1.302675
0.654606
-0.876979
-0.131546
0.124910
0.801537
0.471119
0.671285
0.370689
0.283175
0.603694
0.556268
-0.217171
0.145730
0.518945
-1.276432
-0.443371
-1.160226
-0.010395
-0.125486
0.827824
-0.951527
-1.269049
-1.288325
-1.102629
0.043729
-1.901987
-0.220936
1.229049
0.626877
0.592246
2.122496
0.941642
0.683602
-1.386361
-0.023793
-0.762289
0.876908
-1.389720
0.974738
-1.154629
-0.136636
-0.812810
0.480653
0.399434
-0.866159
-0.676344
0.749346
0.000234
-1.034228
2.137052
0.246913
-0.398644
-0.051471
1.781417
1.169773
2.052281
0.622550
-0.207596
0.843765
1.623148
-0.912657
0.922973
0.211192
-0.370727
-0.808915
0.860388
-1.579829
-0.345009
-0.387209
-0.636282
1.254556
0.442883
-1.440193
-1.989262
-0.188129
-0.232734
-1.021451
2.032436
0.505314
-0.530309
-0.461053
0.047512
2.107478
1.158175
0.347385
0.524736
-0.958004
1.563111
-1.443612
-0.542543
2.191620
0.437195
0.462611
-0.047437
1.020768
0.190001
0.464546
0.612586
-1.418008
1.441137
0.952954
-0.536566
0.371417
0.501771
0.373231
-0.838665
0.469121
-0.247912
2.692743
0.896590
0.952043
0.961826
-1.683097
-1.123030
-1.090257
-2.045185
0.103545
1.028359
1.662972
1.159626
0.320077
0.679391
1.311224
0.831029
2.284013
-0.162252
0.442534
1.168654
-0.264192
-1.435803
1.103434
1.848079
0.266869
0.567385
1.194309
0.026330
-1.342003
1.523706
-0.580851
0.266717
0.627207
0.460397
-0.779780
1.088518
-1.149632
0.043736
-0.943199
0.122340
1.240212
0.426169
0.300908
0.871950
0.019243
-0.038975
-2.342548
3.516179
-0.067506
-0.208155
0.133124
-1.226090
-1.804903
-0.915696
0.360596
0.359810
1.096989
1.434393
-1.607328
0.371304
-1.101283
0.395738
-0.540348
0.701880
0.364381
0.808249
2.725391
-0.572961
0.773799
-1.345550
1.031490
-0.447336
0.689086
-0.959342
-0.541543
-0.533153
-1.102160
0.196782
0.890368
0.362514
1.262224
1.053393
-1.428973
1.656929
-1.110058
0.640224
-0.617463
-1.897574
1.360545
-0.790262
-0.752236
-0.380378
0.864424
0.720556
1.683840
1.728280
0.623134
0.035340
0.380504
-0.690401
-1.327600
-0.537366
-1.686937
-0.236320
1.535355
-0.765831
0.534882
-1.207646
-1.333442
2.947167
-0.195326
-0.371630
-2.405111
0.807332
-0.915528
-0.177413
2.447481
-1.739211
-0.551015
-0.208842
-0.489389
1.803563
-1.278826
-0.450467
1.758510
0.656862
-0.488493
0.273269
-0.301532
-0.543395
-0.936225
0.526193
0.484269
0.599600
0.316475
-0.821025
-1.628535
-0.663507
-1.602253
-0.777285
-1.894837
-1.467980
0.892894
-0.807891
-0.724760
0.098001
1.035349
0.227088
0.236854
-0.281657
1.734764
-0.692820
0.135666
-1.008023
-1.139551
0.317153
-0.923829
0.676436
1.207474
2.066966
0.769358
1.506737
-0.383099
0.577424
-0.653797
-0.032368
-1.294397
0.776045
0.762748
0.116778
0.942029
0.730772
-1.399761
0.286112
-0.066885
0.745314
1.192783
1.210882
0.790729
-0.383940
-0.626517
-0.382844
0.767970
-0.068343
1.591649
-0.013605
-1.091160
-0.212712
-0.882382
-0.870122
-0.175214
0.142000
0.491386
0.703749
-0.904579
0.026016
-0.498550
-0.659020
-0.646496
-1.805320
-0.242725
-2.504849
1.217797
-0.885707
1.824327
-0.660912
0.657621
-1.085374
2.340043
2.917912
-0.184813
-0.798937
-0.274755
1.260760
-0.863607
-2.477030
-1.637933
-1.137734
-1.278941
-0.203943
-1.041569
0.941286
-0.639403
0.984149
2.123265
-1.776909
2.123410
0.169045
0.734565
0.127195
0.909431
0.290643
0.976651
-0.470346
1.514216
-0.388391
-1.153935
-0.668674
1.819533
-1.314047
-0.100993
1.633168
1.702511
-1.080146
1.343008
1.847104
-0.669804
-0.508840
-2.253929
0.566110
0.814755
-0.770054
-0.121243
-0.604390
1.842178
0.261184
0.206702
0.923135
-1.915985
0.759678
0.699165
2.174257
-0.565314
-0.409884
-1.000363
-0.496950
-0.243719
-0.066277
-0.711250
0.812378
-0.300512
0.156460
2.294223
-0.811580
0.658411
0.544144
0.527143
1.111817
-1.331704
-0.852402
1.324975
-1.403491
-0.957400
-0.417464
0.586356
-0.132277
-0.842857
0.411001
-1.773493
0.156777
1.462441
0.746034
1.020366
1.073866
0.438696
-1.636836
-0.084233
-1.291142
-0.388817
0.073977
-1.423713
0.020684
-0.113239
0.506496
0.289936
-1.773218
-0.510837
-0.530154
1.444281
0.646957
2.448009
0.063835
0.147750
0.858396
0.569981
-0.272499
-0.132723
-1.219515
-0.723357
-0.428270
-1.449788
-0.196917
0.490801
-0.491681
0.044980
0.671714
2.043088
0.421486
0.870211
0.215058
-0.085351
0.723988
-0.370931
0.690101
0.840589
-1.238912
1.489129
-0.751268
-2.152226
3.048181
-0.121480
0.949764
-1.950070
-1.186218
-2.133627
0.154639
1.555856
0.770321
1.719951
-0.355084
0.460221
-0.067089
0.693042
-1.803217
0.046601
0.121806
-0.155357
-1.116861
0.288060
-0.491772
1.484197
0.209873
-0.721581
0.565435
-0.983625
0.881319
-0.162902
-0.734379
-0.422668
0.116145
0.288557
-0.109753
1.461915
1.155436
-0.314750
-1.248957
0.197152
2.780858
-0.282083
0.115502
-0.278096
-0.653211
-0.745631
0.800255
1.427668
-0.155563
0.669989
-0.073400
-1.532687
-0.936957
0.902684
-0.560124
1.231724
1.779364
-0.253814
-0.065432
-0.277174
-1.498579
-0.502830
0.256713
1.124232
-1.935214
0.645873
-0.048806
1.299821
-0.873999
1.476931
-0.656478
-0.239759
-2.233045
-0.037238
0.777750
-1.055696
0.319193
-0.176690
-0.520838
2.684522
-0.410236
0.895031
-0.994224
-0.636165
0.054717
1.363247
-0.321505
-0.191439
1.552355
-0.353789
2.184605
-1.167242
-1.171380
-1.380881
1.126323
-0.502881
2.032286
0.110136
0.620075
-0.409335
-0.965936
-0.850083
-0.567719
0.479815
-0.552384
-0.347745
-1.135946
0.294876
-2.087761
-0.233790
-0.028727
1.220735
0.702988
-1.435649
0.452480
-0.451478
-1.307505
-1.420899
-0.890089
1.731719
0.062252
1.177755
0.879436
-0.522607
1.292796
-0.825059
-0.516520
0.084502
2.837644
-1.066793
0.519228
-0.451212
0.949773
-1.534045
-3.035641
-0.063212
0.355150
0.277962
0.480872
-1.765954
-0.334289
1.543144
-0.325697
0.342233
0.644017
-0.343929
1.051138
0.952616
-0.049194
-0.149098
1.943140
1.734451
0.135881
0.295757
0.488104
-0.515637
2.612217
-0.090159
-2.474908
-0.784685
1.039382
1.426899
-1.770429
2.544903
-1.347908
1.686825
1.218835
1.056430
0.769772
-1.033261
0.527273
0.246111
0.046965
0.099626
-0.266818
0.485826
2.314918
0.640812
-0.367296
-0.140971
-0.391079
0.307137
1.295470
-0.174991
0.748700
-0.580902
-0.170762
0.169218
-0.636069
0.897923
0.338253
-1.008076
0.669969
0.476736
-0.445463
2.037057
-0.502962
1.979070
0.199125
-1.426834
-0.536651
-0.056350
-0.266381
-0.338160
1.270468
-0.113122
-1.155480
0.702849
0.872655
1.032398
0.072383
0.268233
-1.559121
0.227396
1.247051
-0.441572
0.758577
-0.947295
0.002027
-1.874919
-2.220646
-0.007783
-0.702203
0.020927
1.330039
-0.449639
-0.055118
0.225689
-0.840196
0.052864
-0.400136
-0.367646
-0.259567
1.147697
-0.795281
2.293658
1.406626
-0.803558
2.207570
-0.494692
-0.698336
0.170215
0.004078
0.314321
-0.724872
-0.410257
-0.876478
-0.368072
-0.121164
-0.111342
-0.206125
-1.775822
-1.772827
-0.379995
-1.369444
-1.507136
0.359387
0.201122
-0.683122
0.103690
0.089087
1.815544
-1.847157
-0.758605
-0.768956
0.173336
1.769128
1.143374
-2.768064
-0.057812
0.894052
-0.533576
0.867704
0.229076
1.306383
0.365925
0.760727
-0.459114
0.202801
2.016506
1.225827
0.702662
1.197969
-0.245879
-1.021079
-0.961907
0.709494
0.028264
-0.661644
-1.710821
2.263324
-0.673032
-1.659006
0.259675
0.080264
-1.461097
1.580058
-0.001736
-0.479480
-1.213948
-0.982930
-0.589750
-0.411497
-0.082419
-0.838623
-0.999752
-0.454087
-1.089308
0.916389
0.650482
1.375490
0.786217
-0.689258
0.290566
0.107227
-1.124402
-2.194752
-0.312214
-1.332328
1.420187
1.700753
0.748301
-0.228906
-0.699175
-1.616105
0.213319
0.713701
0.789056
-0.529186
-1.571996
-0.394483
-1.362806
-1.493815
-0.264586
-0.585565
0.007602
-0.761603
1.495437
-1.087294
-1.625304
0.895941
-0.284841
-1.136909
-0.704515
0.643188
-0.298716
-0.196046
-0.148229
-0.263574
-0.040966
0.015060
0.061052
0.464201
0.497781
0.308992
0.461928
0.273636
-2.152101
0.775458
-1.635195
-0.914981
0.053014
-1.007335
-0.440350
-0.608222
-0.178881
0.119344
-0.710311
1.452597
2.139399
-0.928501
1.435789
1.826735
-0.053343
0.859398
-0.750102
-0.030081
0.441484
0.848326
-2.256043
-1.431254
-0.593251
-1.031913
-0.975052
-0.391342
-0.527636
-1.224354
0.874600
0.172855
0.844360
0.604817
-0.365132
-0.118842
1.025653
0.012723
-0.713592
1.440124
0.470703
-2.973506
0.195062
1.231396
-0.641810
0.823558
-0.831558
-1.102072
-0.215112
-0.083907
0.639426
1.529008
-1.261077
0.918578
-1.760503
-0.223816
-0.450471
-1.229339
-0.115440
-0.156193
0.326743
-1.758430
2.331864
1.593941
-1.493531
-1.858343
-1.280988
1.080227
1.014052
-0.596238
0.222987
1.305518
2.117026
2.055615
-0.211394
-0.525209
1.449628
-1.868881
0.503930
-1.434420
0.702430
1.009819
-1.160047
-0.725965
0.162497
-0.632547
-0.331290
-0.156377
1.333520
0.169159
-0.570327
1.135917
3.623291
-1.566643
-0.888266
-0.431900
-0.410352
-1.777447
-1.408172
0.804915
-0.141117
-0.273011
0.804860
0.308137
0.384200
0.399977
-0.352268
1.115968
-0.790744
-0.073218
0.020385
1.551155
-0.466825
0.419694
0.382047
-0.209416
-1.985445
-0.888370
-1.625361
0.653931
0.344357
-0.582824
0.500842
0.123055
0.153601
-0.035465
-0.201058
-0.345465
0.400826
-0.330810
0.097127
-1.262728
-0.717995
0.488621
0.831417
-0.662580
-1.521153
-0.677763
-0.117755
-0.306362
0.687490
-0.498322
-0.173643
-1.267563
0.922463
-0.440001
-0.058080
-1.850271
0.590366
-1.356627
1.857449
-0.583107
1.102734
-0.807434
0.567083
-0.018505
0.743499
0.214933
-0.982920
-0.065723
-0.588027
-1.046701
1.027270
-0.716334
0.150087
-0.642621
1.118344
-0.091254
0.312098
-0.058081
-0.617316
0.006567
-1.193436
-2.282032
-0.404399
-0.781264
0.573140
-1.237445
0.602172
0.354040
-0.739061
-0.365309
-0.346467
0.834840
0.965866
-0.628817
-0.057526
0.213819
-0.056681
-1.160642
2.516806
-1.518245
-0.953704
1.064618
-0.665183
-1.561162
-0.081283
0.784528
-2.496881
1.070758
-0.762917
1.016575
0.045812
1.085301
0.198725
-0.062481
-0.415278
-0.658281
0.950490
0.142818
-0.075958
-0.675849
0.050384
-1.901180
0.103148
-1.166363
0.553715
-0.072488
0.601099
-0.386106
-1.034266
-0.394301
0.433105
0.424707
1.369167
0.956848
1.280522
0.263067
-1.710552
0.975224
-0.402864
1.075510
-2.047991
0.239660
0.624158
-0.159342
-0.568063
1.629269
0.805636
1.368100
0.282033
-1.743281
0.146914
0.731967
1.277672
-0.396275
-0.316736
-0.218204
0.044545
0.564388
0.241849
0.394060
0.426833
1.074838
-0.423518
1.000341
-0.654982
-0.019478
1.330322
-0.328571
-1.087078
-0.938024
-0.944825
1.190270
0.790297
-2.090647
0.052305
-0.597951
0.466526
-0.451701
0.024913
1.703463
-0.248621
-0.721911
-1.587314
0.328343
-1.231545
0.771024
0.324968
-0.506292
-0.734341
-1.583405
0.970171
1.417228
-0.408205
-0.207328
-0.163723
-0.834097
2.818293
1.685308
-0.859323
0.232649
1.050862
1.454679
-0.643876
-0.346218
1.399332
0.548459
0.129145
0.933505
-1.243977
-1.232633
0.486568
-0.369464
-0.043722
1.339236
-0.188230
-0.909150
-1.100084
1.519209
-0.539673
1.403045
-2.774169
-0.156531
0.343339
-0.161586
-0.170632
-0.237528
-0.684014
0.194929
-0.058988
-0.295882
0.235847
-0.392034
0.333713
-0.900833
-0.362427
-2.182748
-0.259688
0.729790
-1.984333
0.254652
-0.956228
-0.151836
0.818805
-0.066479
-0.996257
1.596660
0.494250
-0.953115
-0.983814
0.068365
-2.543571
1.645805
0.042130
-0.019470
1.220837
0.483747
-0.981879
-0.448533
1.690967
-0.318001
0.730669
1.322533
-0.000070
-0.826546
0.166000
-1.586196
0.686277
1.501797
-0.431716
1.391861
-0.145051
-1.494186
0.771789
0.453159
-2.387148
-1.410335
-0.475414
-1.008444
-1.346048
-0.644149
0.533665
-0.184351
0.348795
-1.256990
-0.496107
0.870114
-0.852758
-0.275872
-1.540631
0.357884
0.767158
0.851710
-0.024815
-0.267052
-0.525393
-1.519648
1.077462
-1.289821
-0.294509
-0.279631
-0.174492
-0.014391
0.168623
0.537892
-0.339776
-1.045662
-1.198277
-0.230281
0.468837
0.863391
0.096926
0.382035
-0.924033
1.393739
0.583390
0.914887
-1.473880
-0.407816
-0.303932
1.854403
0.340666
-1.064307
-0.000160
0.440452
-1.635993
0.682613
1.083021
-0.992559
-1.995255
1.053043
2.492131
-0.528459
1.436742
-0.027275
-0.804853
-0.700536
-0.818223
-0.292421
0.163908
1.183809
1.099930
0.015576
-1.408091
-0.021520
0.591523
-0.020511
-2.783433
-0.228792
0.745847
-0.544489
1.997264
0.200368
-0.896663
-0.670365
0.132877
0.965299
0.478329
0.296419
0.121892
-0.525373
0.731080
-2.294476
-1.013669
0.817954
-0.733865
0.491984
0.529784
1.876743
0.519664
0.879326
0.331638
-0.484799
0.207775
0.376784
0.980071
0.643950
0.573951
1.787892
-0.605536
0.955759
-0.405796
-0.378762
2.381566
1.085370
1.237172
-0.187386
-0.285547
0.288981
-0.879815
0.091935
0.861134
1.396999
-0.681334
1.263841
-1.287202
0.526973
-0.560804
1.638518
0.025067
0.130720
0.130658
1.335923
0.336740
0.572674
-0.033763
0.549576
1.146186
2.683692
0.603873
-0.894002
0.961188
1.052339
1.837842
0.235219
0.469347
0.277201
1.018283
0.197648
1.753825
-0.422951
-1.142701
-2.395585
0.701742
1.478511
0.270144
2.163972
1.930599
2.168129
-1.056604
0.888533
1.384684
0.685703
-0.392433
1.467455
-0.717635
-0.917492
-0.622477
0.219339
-0.435188
-0.666456
0.083100
0.913674
0.264670
0.644850
-0.460603
0.935467
-0.133905
0.253050
0.798550
0.322433
0.619819
0.673490
0.648978
1.437328
-0.956617
1.817442
-0.446624
-1.740732
-1.119338
1.522968
-1.731940
-0.514766
1.059713
-3.480948
-0.877794
-0.608677
0.459902
1.017753
-0.602758
0.604325
0.861717
-0.431159
1.158687
1.739801
-0.986965
-0.777487
0.086656
1.204130
0.677717
-0.972499
0.075325
0.818604
0.413170
2.555845
-1.538237
1.311704
-0.090802
0.841918
-1.732811
0.135126
-0.158690
-0.262316
0.735407
0.533497
-0.955665
-2.357633
0.583537
0.965458
2.461212
-0.479141
1.180968
-0.886598
0.613127
0.803879
-0.989926
-1.220965
0.767006
-0.333702
0.422008
-0.651694
-0.701977
0.842913
1.082556
-0.678468
0.730474
0.157014
0.099023
1.241278
-1.674641
0.390149
-0.834331
0.209125
0.426527
-0.190366
-0.577078
0.468729
0.279835
1.093764
0.230185
0.663150
-1.462598
-0.984037
0.012816
1.544925
0.765796
-0.025719
0.030511
1.476354
-1.991225
-0.996419
-0.585447
0.477600
-1.145274
-0.148816
1.094246
0.019228
-1.000945
-0.410573
1.070651
-0.239305
-0.338049
-0.568952
-0.119532
-1.443461
0.558647
1.024560
-0.981344
-0.217478
-0.651546
-0.102503
0.286281
-0.134153
0.548316
-0.056203
-1.550666
-0.504229
-1.623865
0.148158
-0.179821
-1.583129
-0.947702
-0.336388
-0.650681
-1.912464
2.690563
-0.882866
0.118243
-0.528860
-0.411727
0.868567
0.271997
-1.223766
-1.542211
-0.304130
0.462616
-0.553443
-1.327955
-0.145701
1.219484
-0.658697
-0.580723
-0.097503
0.019505
-0.516522
-0.974224
-0.023766
0.565487
0.692292
-1.064466
1.097567
0.449045
-0.806245
-0.468103
0.001780
1.122441
-0.158256
-0.955664
0.270663
-0.429647
0.077715
-0.165345
0.015819
-1.453314
0.410980
0.459584
0.468724
1.190526
-0.782632
-0.271072
0.913052
-0.095764
0.251649
1.491291
-2.143562
0.820741
-0.214612
1.302642
0.002448
-0.048979
-0.033299
-1.293467
0.733969
-0.270177
1.248941
-0.561415
1.727540
1.503745
-1.781219
1.037636
-3.057903
-0.958503
-0.329542
-1.022689
0.352390
1.413560
-0.590761
0.121633
-0.026778
-0.317401
1.054256
0.321009
0.676112
0.142603
-0.527437
-1.475555
-0.492671
-0.108986
0.230598
0.290507
-0.590580
-0.521625
1.697923
-0.048254
0.426527
0.976395
0.697571
-1.086516
-0.882098
-0.636884
0.382046
-1.030662
-0.610821
0.825547
-0.797970
-0.328305
-0.212146
-2.889374
-0.079112
0.585023
1.626830
1.216137
-0.980656
0.624523
1.105078
-0.149490
0.505095
1.588145
0.675481
-1.002202
-0.377715
-0.804741
1.528708
-0.120757
1.478803
0.725266
1.305325
-0.657545
-0.506256
-0.561397
0.415287
1.995227
-1.775966
1.349897
1.391408
1.602133
-1.081592
-0.378685
-3.167348
0.263631
-0.392362
-0.759961
-1.578538
-0.003553
1.719314
-1.440365
0.305182
0.707483
1.399918
-1.215437
1.645390
-0.202813
2.031598
0.340356
-2.283175
-1.806759
-1.337974
1.216864
0.011677
-0.492084
-0.615329
0.282985
-0.798119
1.025815
1.020157
0.588991
-0.350725
0.117243
-1.155809
1.199830
-0.402628
-2.074058
-0.429019
1.435773
-0.419038
-0.020995
-1.108193
0.144151
-1.735891
-1.911877
0.387685
-1.121157
-1.690250
0.842441
0.690982
0.649610
-0.681446
-1.608633
0.385924
-0.944612
-1.245177
0.485535
-0.700528
-1.449792
1.645400
-0.750298
-0.958685
2.320467
-0.244386
0.280230
1.333647
0.092609
1.072616
-0.041883
1.343825
-1.178928
-0.405002
0.328628
0.445232
-1.134039
-1.408588
-0.083989
1.357982
1.613947
-0.547105
0.917295
-2.289861
0.734891
-1.224044
-0.312280
0.811369
-0.198576
-0.600824
1.163461
0.096235
1.768350
1.478849
0.796456
0.589389
0.055419
1.128602
-0.192029
1.597470
1.159819
-1.698635
-0.313378
0.766416
0.579323
0.794441
-0.909300
0.673444
1.676244
1.502876
-1.533760
-1.246015
-2.283627
0.863959
-0.164056
-0.218056
0.140997
-0.196180
-0.393002
0.109925
0.925559
1.353816
1.044157
-0.107363
0.686066
-0.482035
0.035697
0.542301
0.581792
-1.225702
-0.232793
-1.808458
-0.455561
-1.729714
0.137020
-0.036747
-1.414032
-0.487352
-1.728666
-1.006981
1.937537
0.861996
0.242623
0.883041
-0.750370
-0.145847
1.108666
0.571781
0.452226
-0.270629
-0.847099
-2.646462
0.376449
0.263749
-0.077440
1.419834
-1.248852
1.101359
-0.030332
0.383694
0.726380
-0.614835
0.103383
-0.726577
0.240449
-0.308491
-2.454297
-1.608285
0.018472
0.701319
-1.106302
-0.469986
-0.343170
-1.553878
-0.916953
0.208391
0.839486
-0.731154
-0.507187
-1.655292
0.844891
0.084369
-0.495904
0.711876
0.206799
0.931576
-0.141527
-0.183672
-1.409424
-0.094398
0.252382
1.216060
2.446664
-0.744845
-1.112845
0.521361
-1.782997
0.392496
-0.111864
1.711381
-1.955168
-0.433945
-2.406284
-1.123922
-0.046698
1.170297
-0.491667
-0.920250
1.676064
-1.272093
-0.873723
-1.331722
1.340613
0.707707
0.455563
1.784012
-2.753640
-0.782590
1.145801
-0.626725
-0.301402
-0.285347
-1.743986
-1.272262
-0.885377
0.314334
0.711472
0.245694
0.817443
0.903860
0.402925
0.431145
-0.129718
-0.166450
-1.449302
-1.259806
0.219589
-0.296825
-0.715119
-0.400619
-1.612126
-0.619671
-0.707581
-0.753601
0.577046
0.043535
-0.274592
0.564936
-1.287240
0.568151
-0.533747
0.407562
1.580935
-0.846608
-1.746874
-0.286392
-1.863128
2.380593
0.527740
2.334215
2.411134
2.994709
0.613198
-0.908809
-0.773611
0.191005
-0.562976
1.101073
-1.593607
-1.436119
1.472570
0.947687
-0.874352
2.223267
0.211209
-1.406886
-1.184156
0.485604
0.669857
1.022993
-0.856140
-2.061657
1.831652
2.307639
-0.521918
-1.723828
0.790810
-0.671296
-0.005728
-0.358570
0.323894
-2.269495
-0.271012
0.387110
1.193512
-0.810422
0.336809
0.648901
-1.319158
0.370360
0.066086
-1.334460
-0.542899
-0.479130
0.687859
-0.443060
-0.473600
0.081253
0.419721
1.054620
0.569227
-1.124827
-0.152936
1.812463
0.200815
1.634031
0.853833
2.233428
-0.435634
-0.750064
1.227716
-0.256886
0.091188
1.251653
1.899963
0.042023
-1.151205
-1.109689
-0.287897
-0.403164
-0.038097
0.086285
-1.174662
0.491764
0.509123
0.066951
-0.958802
-0.484874
0.157006
0.478773
0.179774
-0.059342
2.538391
1.631217
-1.172236
1.034254
-0.271330
0.638583
0.356372
0.530165
1.023395
-0.518577
-0.088756
0.987134
-1.895882
1.520816
-1.246885
-0.063118
-0.744476
-0.748030
-1.561227
-0.018244
-1.442534
1.278702
0.908500
2.900696
-1.297918
-0.358342
0.191406
0.503027
-0.486178
-1.656300
-0.001293
-0.223676
-0.268372
3.415696
1.146050
-1.088323
0.316912
0.746589
-0.885284
-0.671784
-0.254659
0.341091
0.245715
-0.402837
-0.350898
1.443085
0.044211
0.153458
0.901076
1.045891
-0.607614
0.659730
0.142593
-1.922229
-1.419765
-0.014166
0.312915
-1.292769
-0.655743
1.247708
0.926196
0.950635
-1.703103
1.033615
-0.850641
1.132401
-1.085246
-0.958270
0.455901
0.813642
1.035799
0.077633
1.877461
-0.490227
0.968492
0.815656
-0.636321
-0.141590
2.688503
0.044111
0.441704
0.813466
-1.394452
0.090298
0.565961
1.092131
0.806346
-1.473289
-0.378557
-0.213812
0.050966
0.886706
-1.267737
0.112826
1.062973
-0.410558
0.232192
0.368661
-1.021853
0.752167
-0.800093
0.374068
0.647482
-0.271934
-0.538382
0.206703
0.505328
0.182273
-0.606843
0.397815
0.436214
1.315960
-0.194172
-1.213163
1.947074
0.555802
1.093545
-1.384481
2.712065
-0.442287
-1.300508
0.255361
0.310228
-0.025848
-0.986241
-0.492129
0.198276
0.352643
0.786733
-0.881182
0.537038
0.758613
-0.263700
1.180663
0.100252
2.464663
0.209471
1.868390
0.911019
1.773064
-0.756758
-0.529835
0.719891
1.213303
0.490701
1.344109
-2.299914
1.481894
-0.549610
1.068244
-3.028246
0.311063
-1.093923
0.894128
1.624082
1.067460
-0.374490
-0.491091
-1.838963
-0.948840
0.418721
0.640086
-0.783478
-0.022489
0.007279
-0.371308
-0.803553
1.938131
-2.072176
0.918742
-0.448514
-0.840150
0.823688
-0.732747
-0.844529
1.720043
-0.441962
0.780881
0.215463
0.721254
-0.315805
-0.311149
-0.193675
0.994340
-1.873624
-0.261620
-0.494279
-0.585961
-0.307008
-0.792522
0.484279
0.171659
0.244652
-1.407205
-0.394471
0.601625
-0.873227
-2.174471
-0.501001
-0.009211
-1.600431
0.885464
-1.438599
0.127473
1.210368
-0.897572
1.631709
-0.503619
-0.396444
-1.658612
1.502710
0.258625
-0.022850
0.307625
0.436532
-0.512850
0.046530
-1.217484
0.753009
-0.450893
0.291751
2.311227
-0.485258
-1.553824
0.049345
1.124260
-0.196686
2.515962
0.688678
1.213466
-1.901373
-1.353546
0.220144
-1.952658
1.971744
2.079862
-0.287844
0.822322
-0.529299
-0.111506
-0.997506
-1.738117
-1.906427
1.962357
-0.046415
0.492860
-0.067215
0.523645
-0.579068
0.091156
-1.872685
-0.184506
-0.108500
-0.906322
-0.767474
0.630473
-0.441495
-0.596353
1.517846
-0.329410
-0.734364
1.088127
0.271091
-0.390831
-0.987676
-0.986203
1.182290
-1.112638
-0.592646
0.650190
-0.080893
1.826444
-0.884416
-0.227424
0.313947
0.269253
-0.556437
0.098645
1.840263
0.610993
1.500728
1.227876
-1.246840
1.211925
-1.438551
-1.269572
0.361762
-0.066664
0.127624
-0.302089
0.720668
0.289596
2.139273
1.039456
0.955575
-0.868591
0.585753
-0.039859
-0.807301
1.535818
-0.480862
-0.137329
0.984796
-1.023761
-1.424832
-0.274825
-0.792875
-1.133190
-0.191493
-0.827356
-0.517010
-0.294517
-0.522315
1.247525
-0.838452
0.307589
0.751189
1.307452
1.852756
0.370575
0.823023
0.274941
-1.330573
0.011110
2.025161
0.935807
-0.522619
1.878801
-0.151234
-1.189913
2.456875
-0.367332
0.932227
0.818781
0.975314
-0.229374
1.145197
0.507805
1.878391
0.343785
0.260394
0.534576
0.394301
-0.488163
0.531050
1.237790
-0.542498
0.539424
-0.207307
-1.032655
1.629736
-0.499139
0.282710
-0.092623
-0.466204
-0.897561
2.032376
0.018982
-0.584264
0.100878
-0.412266
-0.308941
0.330375
-1.222135
-0.528928
-1.402236
-0.485523
0.586698
-0.685764
0.228275
-0.823498
-1.329749
0.242821
-0.837472
0.144154
-2.983766
0.992657
-0.316350
-1.520804
1.113532
-0.347630
-1.146021
1.848225
1.664335
-0.020891
-0.466176
-0.434428
-0.597689
0.488786
0.572075
-0.351587
1.509164
2.184170
1.060658
-1.886990
0.133819
1.057703
-1.423008
-0.191113
-1.272223
0.117237
2.716224
0.066472
-1.117596
1.771042
1.456016
-0.266499
-0.416872
0.132509
-0.429021
0.089416
-0.023576
-0.227383
0.321099
0.205116
0.735008
-0.703907
0.461825
-0.143034
-0.661965
-1.816819
0.209803
-0.512039
1.420993
0.116848
0.057029
0.030091
0.066307
0.591862
0.420768
-1.122744
-1.026894
1.418776
-0.355908
0.268445
-1.051495
-0.637001
0.522400
-0.953792
0.099449
-0.651925
-0.499245
-0.446492
-0.482688
-0.009562
2.047176
-0.747055
-1.213418
-0.173602
-1.318764
-2.030309
0.862707
0.063164
-2.063221
0.705864
0.566442
-0.626835
1.304050
0.077699
-1.047719
0.695572
0.576143
0.180501
0.244865
1.472441
0.230000
-2.173812
1.462170
1.346380
0.803946
-1.484884
-0.182931
-2.031044
-0.289650
0.253865
-1.171294
-0.996622
-0.933703
-0.699228
-1.223281
1.025302
0.334240
0.253613
-0.349585
-0.552697
-0.094650
0.528688
1.127758
-0.162449
0.044479
0.927914
1.120627
-0.778602
-0.419184
0.468598
-1.419400
0.113409
-0.066921
-1.399886
-0.223023
0.534480
-0.497361
0.389407
-1.134905
-1.357317
0.431619
1.505530
-0.169896
1.362213
0.018110
-0.368030
0.410777
-0.635641
1.304602
-1.010536
0.471631
-0.434611
-0.194755
0.633896
-0.838628
-0.010315
-0.519201
-0.823546
0.837166
-0.117922
-0.680260
-1.402302
-0.282259
-0.589764
-0.383171
-2.679624
0.279608
-1.031712
-3.113069
0.440692
2.195050
-0.287399
2.428223
-0.267839
-1.043142
-0.003129
-0.438141
1.029295
-1.036706
-0.330482
1.952826
0.517613
0.354804
0.367251
-0.186684
0.774026
0.913270
0.544462
-1.527851
-0.324111
-1.396770
1.119883
1.283725
-0.617171
1.734096
-0.905055
-0.086503
1.701204
0.268238
-1.196510
1.257939
0.028407
-0.937792
-1.845217
0.420240
-0.538402
-0.517309
-0.193121
1.101442
1.140812
-1.298360
-1.491367
-0.576571
0.813929
1.789018
0.021264
-0.221633
0.264579
0.390062
0.521241
0.589027
0.514392
0.041141
-1.361973
1.206573
-0.940360
0.635985
-1.461946
0.711412
0.167848
0.777092
0.409676
0.575080
0.167655
-0.660055
-0.414798
-1.377635
1.691759
-0.155509
-0.594352
-0.716687
0.345329
-1.111985
-0.117298
0.537956
0.009819
-1.307965
-1.717847
1.503691
-1.318479
0.551596
-0.229572
-0.362821
-0.155036
-0.692118
1.460732
-0.865094
-1.913391
0.228475
-1.027344
-0.199259
0.759422
1.060330
-0.246878
0.499756
-0.309449
-1.669742
-2.069335
-0.519829
0.407981
-0.515230
0.220906
-1.669409
-0.011655
-1.608072
0.510021
-1.552936
0.087813
-1.312948
-2.259930
1.256444
1.957978
-0.170478
0.594745
0.716725
-0.220157
0.272917
0.101677
-2.277835
1.531496
-0.077468
-1.013732
1.199351
0.401455
0.569618
0.722051
2.141255
-0.092158
-0.696033
-0.346182
0.707420
0.722667
1.009859
-0.529708
0.303971
1.323547
-0.173321
1.690002
-1.115139
0.991017
0.639945
-0.145278
0.310949
-0.835812
0.033746
0.045619
-0.993928
-0.764770
-0.194664
0.452706
-1.717986
0.504889
-1.360821
1.911754
-1.244952
1.228695
1.098665
-0.063543
-0.668230
0.852633
0.445450
0.822618
0.898053
-1.037118
0.165475
0.926376
-0.259659
-0.509556
-1.765509
0.205737
1.081625
1.499146
0.306203
-0.550258
-0.195106
-0.340509
-0.730561
0.164224
1.793337
1.899659
0.381345
-1.203948
-0.507027
-1.066694
1.309504
1.255608
-0.972463
0.070988
0.082697
-0.118309
0.345337
-0.232212
-1.381050
-0.653985
0.519336
-0.605742
1.517218
0.027524
-1.366826
-0.506392
-1.141170
-0.436905
-1.461479
1.063335
0.915686
-0.223420
1.319021
-0.079495
0.407213
1.382205
-0.442339
-0.722550
0.053149
0.363853
0.090249
0.147584
-1.696013
1.650527
2.737973
0.043778
0.661956
1.263309
1.285430
-0.588424
-0.194931
1.298392
0.406130
-1.204875
-1.604295
1.237293
-0.284036
1.224123
0.360199
0.493535
0.444183
2.126504
0.065860
0.434869
-0.251558
-0.710746
-1.980101
-0.053542
-0.863859
-0.136638
1.453801
0.693559
2.192369
0.006778
-0.669528
-2.152260
-1.457919
0.890270
1.439214
-0.463522
0.656665
-1.519246
-1.935906
-0.468142
1.185282
1.833491
0.304025
-0.210757
0.622085
0.003368
-0.434677
-0.398826
-0.086637
1.954071
1.821583
-0.674032
-2.373728
-0.889249
0.909137
1.168451
1.752193
-0.227298
-1.321517
-0.460706
-0.033740
-0.437029
1.367530
-1.224652
-1.244285
-0.632996
1.347818
-0.235081
0.848090
-0.548805
0.206487
-0.687291
-0.428589
-1.735961
-1.130845
-0.317444
-1.470470
