2.309687
-0.271387
-0.913053
-1.692084
-0.116503
0.294523
-0.367585
-1.085624
-1.186925
-0.827715
-0.919936
0.996356
-1.478950
0.772338
1.787367
-1.806562
0.214790
-1.143368
-1.041998
2.209811
0.307708
0.422286
-0.003113
-0.575591
-0.198554
-2.268791
0.252343
1.024982
-0.075545
0.779969
-1.349810
0.431091
-0.324472
0.583580
-0.221652
-0.150683
0.583045
0.012747
-0.391230
0.892397
-0.909971
1.146237
-0.857570
0.560107
0.667595
-1.298365
0.596460
-0.471825
-0.149994
0.153349
-1.602912
-0.681501
-0.780796
-0.563250
-0.470689
0.503424
0.244992
-0.945908
0.358078
-1.470722
0.559390
-1.104443
-1.815614
-0.929680
2.182352
-1.743729
0.287357
1.177815
0.732673
-0.104691
1.016563
1.153677
-0.054666
0.544589
-0.090067
-2.633206
0.073545
-0.150099
0.663586
2.465361
-2.634362
-0.230863
-0.655511
2.229540
0.457829
-0.283520
-0.032377
-0.794996
-0.512050
0.184800
1.510012
-0.927351
0.291740
0.446975
1.562483
0.262869
0.089606
-0.350045
0.374370
0.964745
1.562827
0.630817
-0.888775
1.236138
-1.342203
0.095035
-0.310260
-0.465792
0.425148
-1.701077
-0.501699
1.369953
-0.590630
0.245303
-0.083854
-0.496238
-1.717316
0.256680
0.530483
1.407667
1.497268
-1.678105
0.247873
0.163020
0.660058
0.774120
1.731846
0.255792
0.434741
-0.198537
1.427930
0.108595
-0.122552
-0.617068
0.531955
1.637876
1.150935
0.253259
0.200893
0.736603
-2.124201
0.602040
-1.460581
0.943771
1.498014
0.495626
-1.843629
-1.401856
-0.230242
-0.192970
0.556132
0.074128
0.614339
0.035847
-0.207417
-1.228761
0.215164
-0.835583
-0.229808
1.066907
-0.711531
-1.281092
0.289457
-0.485596
-0.114649
-1.100945
-1.030721
1.687605
-0.711127
-1.075478
0.841366
1.074677
-0.466646
-1.391815
0.793540
-1.587334
-0.049983
0.954184
-0.695705
-0.608182
0.799713
-0.377996
-0.647229
0.067096
-1.573362
0.878811
0.325411
0.771991
0.200159
-0.403869
0.755734
-0.819050
0.694930
0.486069
1.294639
-0.014948
-1.008189
-1.733876
-0.293072
-0.341627
-0.012309
-0.242296
1.601154
-0.197838
-0.337083
-1.135763
0.315227
-2.470607
0.167054
0.973960
-1.787567
0.957367
-1.368549
0.175828
0.780285
-0.119816
0.690145
-0.379063
-1.216819
-1.452843
-1.011792
-0.872806
-0.361972
0.858229
1.679000
0.099380
0.438692
-0.780460
-0.011375
0.187685
-1.658703
-0.839058
1.285947
-0.114094
-0.584269
1.152203
-0.534114
-1.054616
-0.092148
1.082040
-0.095642
-1.571669
-0.583804
-0.000755
-0.469080
0.365277
0.126203
0.890967
-0.484455
0.203653
1.847196
-0.214241
1.407453
0.246642
-0.745643
-0.772062
0.444202
0.835766
0.770863
-1.526357
-0.923272
-1.332526
1.014353
-2.199958
0.191545
1.335193
-0.620926
-1.752503
-0.244174
0.731641
-0.284980
-0.413130
-1.360574
-0.092652
-0.350863
1.770103
-0.830758
0.429019
1.800999
-0.134677
-0.796425
-1.232285
-0.734254
0.188971
0.888731
-2.010863
0.977364
0.727663
0.364784
0.568738
-0.463584
-1.024820
0.720366
0.625202
1.015276
1.333330
-0.182495
0.085564
-0.311529
0.783248
0.445661
-1.335405
-0.357557
0.909100
0.161073
0.170778
-0.440129
1.665381
-1.431759
-0.351707
-1.872375
1.362045
-0.451699
0.602395
0.771622
-0.508097
-1.138083
-0.474629
-0.302396
-0.358959
0.773452
1.128168
-1.031369
-2.042252
2.531106
0.884427
-1.821746
0.516480
0.066287
2.338001
0.137333
0.648207
0.434555
0.331798
-0.635606
-0.974718
1.014267
-0.258623
0.442826
0.515558
-0.610160
-1.039386
0.237515
1.130455
-1.365655
0.550645
-0.320055
1.446880
0.673050
-1.702998
-1.114776
-0.268174
0.729485
-0.224638
-0.911278
1.329018
-1.572908
0.781378
-1.162116
-1.354937
-0.695734
0.458647
0.936911
-1.124134
0.685299
-0.094601
0.160603
0.668628
-0.163870
-1.920630
0.797540
0.225126
0.308603
-1.370494
1.203697
-0.386015
0.460868
-1.281615
-1.010614
0.566666
0.508158
0.841959
-1.019222
0.538670
0.406117
-1.408491
1.791009
1.841282
-0.684479
-2.055753
0.679517
0.516872
-1.640916
0.178753
0.130357
0.973662
0.574610
-2.103361
0.058004
0.083388
0.736284
-0.188621
1.497159
0.540149
0.045851
0.068701
0.665715
-1.038584
1.161992
-0.618912
-2.284014
-0.231405
0.896539
0.825569
1.372824
0.844893
0.842111
2.232560
0.644569
0.890594
-0.002323
-1.101330
-2.562300
-0.099062
-1.287974
0.788514
-0.801886
-0.354651
-0.146451
-0.784284
0.760257
1.122663
-0.648876
-1.235046
-0.263460
2.547314
0.084702
0.656249
0.918984
2.247326
0.144118
-0.651941
2.382403
1.258543
1.199102
-0.710897
1.036023
-0.772224
1.000122
0.218405
-2.664734
1.010102
-0.312299
0.944729
-1.326129
-0.602503
-0.647738
0.792424
0.808330
0.914432
0.781567
-1.481668
0.302203
1.078315
-1.736225
0.339965
0.229015
0.367873
0.858243
-1.001099
0.291786
0.205838
0.341827
0.350928
0.354573
0.063473
1.702696
0.185651
-0.838977
-1.523924
-0.489203
-2.208926
-0.114626
0.540354
-0.789680
0.824405
0.532888
-3.057737
0.428201
0.626107
-0.674738
-1.816265
2.358383
0.957117
1.395567
0.099398
0.204108
-0.098305
-0.452535
1.487253
2.028581
-1.532050
-0.558782
1.422348
1.060639
-0.516837
-0.706810
0.214648
0.922675
-1.424020
-0.565491
-0.463920
0.138419
-0.587615
-0.554888
2.161788
-0.200674
-0.959158
0.580600
1.177148
0.869898
1.120295
-0.312092
0.192276
0.310146
-1.183009
0.939792
0.585120
0.296327
0.312723
-1.955804
-0.591562
-0.990943
-0.626799
0.057321
1.775505
0.318697
0.506244
-0.574067
-0.862038
0.116984
-0.367879
1.063167
-0.612502
-0.223103
-0.910694
-0.779332
0.142775
-1.016312
-0.270555
-2.237414
-0.959133
0.294942
-0.058699
0.009663
-1.703073
0.412127
0.528099
0.871502
-0.844400
1.342619
-0.980882
-1.645591
0.547401
1.251680
-1.238538
0.870549
-0.064478
-1.552479
-1.633108
1.477891
-0.658039
-0.764093
1.109108
-0.590555
0.640967
-1.237811
0.575078
0.179251
-0.138040
-3.392771
1.721806
0.664596
-1.436974
0.489091
-1.828748
-0.155598
1.736828
-0.841533
1.901264
-0.400572
-1.438481
-2.162967
0.798758
-0.387165
-0.539418
0.351461
-0.509945
0.443648
-1.216485
-1.299244
-0.771734
1.951924
-0.278658
1.094937
1.338200
-0.430506
0.213277
0.538548
0.887587
-1.369229
0.118301
-0.020004
1.333981
0.822316
0.100003
-1.189883
-0.707410
1.451388
1.422163
-1.710382
1.600399
0.006517
1.889139
0.665610
0.942641
0.564454
1.261881
-1.250149
-0.230312
0.348500
-0.718027
-1.033699
-0.320882
-0.749468
-0.973435
0.759635
0.392602
-1.705464
0.165360
-0.908376
0.453763
0.482312
-0.256341
-0.348362
-1.440862
1.351721
0.328909
0.632902
-0.413101
-0.430844
-0.228044
1.394454
1.498046
-1.748976
0.638002
-0.740365
0.246123
-1.244037
-1.213033
0.009200
-0.860243
-0.677557
1.179829
0.264938
-0.443879
-0.061110
0.139504
2.029333
-1.540990
-0.848144
-1.543335
-0.443085
0.485593
0.926020
-0.500894
-1.239376
-0.673107
-0.437856
-1.804909
0.061704
0.089753
-0.662392
-0.029576
-0.225830
-1.573323
1.565831
0.047018
-0.820120
0.497685
0.953401
-0.063491
-0.784664
-0.868050
-0.383427
1.686300
0.860881
1.124147
0.511409
0.896641
0.283477
-1.143332
1.324586
1.935797
-0.757812
-0.168034
-0.036013
0.519802
-0.160726
0.248474
1.515638
0.628561
-1.600264
-0.964175
-0.306331
1.488570
0.326226
1.288110
-1.726238
-0.261897
-1.159966
-0.454260
-1.137069
0.377018
0.224515
-0.897800
0.459990
-0.569014
1.443139
0.793966
0.220540
-0.386745
-1.220798
-0.579575
-0.270553
-0.391338
-1.152465
1.422799
0.957767
-1.202413
1.243822
0.323752
-0.696537
1.278924
0.462048
1.066554
0.154281
1.202147
1.219458
0.542817
1.870997
0.846816
-1.118534
1.144163
-0.832309
0.510830
0.538250
0.782217
-0.105380
-0.912293
-0.212108
-0.275286
0.263067
-0.060859
0.755119
0.663533
0.669748
-0.376441
