2.309687
0.214790
-0.324472
-0.149994
2.182352
-2.634362
0.089606
-0.590630
0.434741
1.498014
-0.711531
-0.049983
0.694930
0.167054
1.679000
-0.095642
-0.271387
-1.143368
0.583580
0.153349
-1.743729
-0.230863
-0.350045
0.245303
-0.198537
0.495626
-1.281092
0.954184
0.486069
0.973960
0.099380
-1.571669
-0.913053
-1.041998
-0.221652
-1.602912
0.287357
-0.655511
0.374370
-0.083854
1.427930
-1.843629
0.289457
-0.695705
1.294639
-1.787567
0.438692
-0.583804
-1.692084
2.209811
-0.150683
-0.681501
1.177815
2.229540
0.964745
-0.496238
0.108595
-1.401856
-0.485596
-0.608182
-0.014948
0.957367
-0.780460
-0.000755
-0.116503
0.307708
0.583045
-0.780796
0.732673
0.457829
1.562827
-1.717316
-0.122552
-0.230242
-0.114649
0.799713
-1.008189
-1.368549
-0.011375
-0.469080
0.294523
0.422286
0.012747
-0.563250
-0.104691
-0.283520
0.630817
0.256680
-0.617068
-0.192970
-1.100945
-0.377996
-1.733876
0.175828
0.187685
0.365277
-0.367585
-0.003113
-0.391230
-0.470689
1.016563
-0.032377
-0.888775
0.530483
0.531955
0.556132
-1.030721
-0.647229
-0.293072
0.780285
-1.658703
0.126203
-1.085624
-0.575591
0.892397
0.503424
1.153677
-0.794996
1.236138
1.407667
1.637876
0.074128
1.687605
0.067096
-0.341627
-0.119816
-0.839058
0.890967
-1.186925
-0.198554
-0.909971
0.244992
-0.054666
-0.512050
-1.342203
1.497268
1.150935
0.614339
-0.711127
-1.573362
-0.012309
0.690145
1.285947
-0.484455
-0.827715
-2.268791
1.146237
-0.945908
0.544589
0.184800
0.095035
-1.678105
0.253259
0.035847
-1.075478
0.878811
-0.242296
-0.379063
-0.114094
0.203653
-0.919936
0.252343
-0.857570
0.358078
-0.090067
1.510012
-0.310260
0.247873
0.200893
-0.207417
0.841366
0.325411
1.601154
-1.216819
-0.584269
1.847196
0.996356
1.024982
0.560107
-1.470722
-2.633206
-0.927351
-0.465792
0.163020
0.736603
-1.228761
1.074677
0.771991
-0.197838
-1.452843
1.152203
-0.214241
-1.478950
-0.075545
0.667595
0.559390
0.073545
0.291740
0.425148
0.660058
-2.124201
0.215164
-0.466646
0.200159
-0.337083
-1.011792
-0.534114
1.407453
0.772338
0.779969
-1.298365
-1.104443
-0.150099
0.446975
-1.701077
0.774120
0.602040
-0.835583
-1.391815
-0.403869
-1.135763
-0.872806
-1.054616
0.246642
1.787367
-1.349810
0.596460
-1.815614
0.663586
1.562483
-0.501699
1.731846
-1.460581
-0.229808
0.793540
0.755734
0.315227
-0.361972
-0.092148
-0.745643
-1.806562
0.431091
-0.471825
-0.929680
2.465361
0.262869
1.369953
0.255792
0.943771
1.066907
-1.587334
-0.819050
-2.470607
0.858229
1.082040
-0.772062
0.444202
-1.360574
0.364784
0.161073
0.773452
1.014267
0.729485
-0.163870
0.406117
0.736284
0.842111
-0.648876
1.000122
-1.736225
-0.489203
0.204108
0.835766
-0.092652
0.568738
0.170778
1.128168
-0.258623
-0.224638
-1.920630
-1.408491
-0.188621
2.232560
-1.235046
0.218405
0.339965
-2.208926
-0.098305
0.770863
-0.350863
-0.463584
-0.440129
-1.031369
0.442826
-0.911278
0.797540
1.791009
1.497159
0.644569
-0.263460
-2.664734
0.229015
-0.114626
-0.452535
-1.526357
1.770103
-1.024820
1.665381
-2.042252
0.515558
1.329018
0.225126
1.841282
0.540149
0.890594
2.547314
1.010102
0.367873
0.540354
1.487253
-0.923272
-0.830758
0.720366
-1.431759
2.531106
-0.610160
-1.572908
0.308603
-0.684479
0.045851
-0.002323
0.084702
-0.312299
0.858243
-0.789680
2.028581
-1.332526
0.429019
0.625202
-0.351707
0.884427
-1.039386
0.781378
-1.370494
-2.055753
0.068701
-1.101330
0.656249
0.944729
-1.001099
0.824405
-1.532050
1.014353
1.800999
1.015276
-1.872375
-1.821746
0.237515
-1.162116
1.203697
0.679517
0.665715
-2.562300
0.918984
-1.326129
0.291786
0.532888
-0.558782
-2.199958
-0.134677
1.333330
1.362045
0.516480
1.130455
-1.354937
-0.386015
0.516872
-1.038584
-0.099062
2.247326
-0.602503
0.205838
-3.057737
1.422348
0.191545
-0.796425
-0.182495
-0.451699
0.066287
-1.365655
-0.695734
0.460868
-1.640916
1.161992
-1.287974
0.144118
-0.647738
0.341827
0.428201
1.060639
1.335193
-1.232285
0.085564
0.602395
2.338001
0.550645
0.458647
-1.281615
0.178753
-0.618912
0.788514
-0.651941
0.792424
0.350928
0.626107
-0.516837
-0.620926
-0.734254
-0.311529
0.771622
0.137333
-0.320055
0.936911
-1.010614
0.130357
-2.284014
-0.801886
2.382403
0.808330
0.354573
-0.674738
-0.706810
-1.752503
0.188971
0.783248
-0.508097
0.648207
1.446880
-1.124134
0.566666
0.973662
-0.231405
-0.354651
1.258543
0.914432
0.063473
-1.816265
0.214648
-0.244174
0.888731
0.445661
-1.138083
0.434555
0.673050
0.685299
0.508158
0.574610
0.896539
-0.146451
1.199102
0.781567
1.702696
2.358383
0.922675
0.731641
-2.010863
-1.335405
-0.474629
0.331798
-1.702998
-0.094601
0.841959
-2.103361
0.825569
-0.784284
-0.710897
-1.481668
0.185651
0.957117
-1.424020
-0.284980
0.977364
-0.357557
-0.302396
-0.635606
-1.114776
0.160603
-1.019222
0.058004
1.372824
0.760257
1.036023
0.302203
-0.838977
1.395567
-0.565491
-0.413130
0.727663
0.909100
-0.358959
-0.974718
-0.268174
0.668628
0.538670
0.083388
0.844893
1.122663
-0.772224
1.078315
-1.523924
0.099398
-0.463920
0.138419
0.296327
-0.223103
1.342619
-1.237811
-2.162967
0.538548
0.665610
-0.908376
-0.740365
-0.443085
-0.820120
-0.757812
-1.159966
-1.152465
-1.118534
-0.587615
0.312723
-0.910694
-0.980882
0.575078
0.798758
0.887587
0.942641
0.453763
0.246123
0.485593
0.497685
-0.168034
-0.454260
1.422799
1.144163
-0.554888
-1.955804
-0.779332
-1.645591
0.179251
-0.387165
-1.369229
0.564454
0.482312
-1.244037
0.926020
0.953401
-0.036013
-1.137069
0.957767
-0.832309
2.161788
-0.591562
0.142775
0.547401
-0.138040
-0.539418
0.118301
1.261881
-0.256341
-1.213033
-0.500894
-0.063491
0.519802
0.377018
-1.202413
0.510830
-0.200674
-0.990943
-1.016312
1.251680
-3.392771
0.351461
-0.020004
-1.250149
-0.348362
0.009200
-1.239376
-0.784664
-0.160726
0.224515
1.243822
0.538250
-0.959158
-0.626799
-0.270555
-1.238538
1.721806
-0.509945
1.333981
-0.230312
-1.440862
-0.860243
-0.673107
-0.868050
0.248474
-0.897800
0.323752
0.782217
0.580600
0.057321
-2.237414
0.870549
0.664596
0.443648
0.822316
0.348500
1.351721
-0.677557
-0.437856
-0.383427
1.515638
0.459990
-0.696537
-0.105380
1.177148
1.775505
-0.959133
-0.064478
-1.436974
-1.216485
0.100003
-0.718027
0.328909
1.179829
-1.804909
1.686300
0.628561
-0.569014
1.278924
-0.912293
0.869898
0.318697
0.294942
-1.552479
0.489091
-1.299244
-1.189883
-1.033699
0.632902
0.264938
0.061704
0.860881
-1.600264
1.443139
0.462048
-0.212108
1.120295
0.506244
-0.058699
-1.633108
-1.828748
-0.771734
-0.707410
-0.320882
-0.413101
-0.443879
0.089753
1.124147
-0.964175
0.793966
1.066554
-0.275286
-0.312092
-0.574067
0.009663
1.477891
-0.155598
1.951924
1.451388
-0.749468
-0.430844
-0.061110
-0.662392
0.511409
-0.306331
0.220540
0.154281
0.263067
0.192276
-0.862038
-1.703073
-0.658039
1.736828
-0.278658
1.422163
-0.973435
-0.228044
0.139504
-0.029576
0.896641
1.488570
-0.386745
1.202147
-0.060859
0.310146
0.116984
0.412127
-0.764093
-0.841533
1.094937
-1.710382
0.759635
1.394454
2.029333
-0.225830
0.283477
0.326226
-1.220798
1.219458
0.755119
-1.183009
-0.367879
0.528099
1.109108
1.901264
1.338200
1.600399
0.392602
1.498046
-1.540990
-1.573323
-1.143332
1.288110
-0.579575
0.542817
0.663533
0.939792
1.063167
0.871502
-0.590555
-0.400572
-0.430506
0.006517
-1.705464
-1.748976
-0.848144
1.565831
1.324586
-1.726238
-0.270553
1.870997
0.669748
0.585120
-0.612502
-0.844400
0.640967
-1.438481
0.213277
1.889139
0.165360
0.638002
-1.543335
0.047018
1.935797
-0.261897
-0.391338
0.846816
-0.376441
