0.561578
-1.442710
-0.343555
-1.692084
0.883880
3.281204
1.340255
-1.085624
-1.186925
-0.827715
1.521492
0.440389
1.716294
0.772338
0.296533
-1.806562
0.508247
-1.143368
-1.071038
2.209811
0.307708
-0.769411
0.599353
-0.575591
0.250253
-2.268791
-0.043557
-0.142541
0.108606
0.779969
-1.349810
0.092485
0.405065
-0.911382
1.728627
-0.150683
-1.085550
0.012747
-0.391230
-0.579118
-0.909971
1.146237
0.370212
-0.698740
0.978982
0.153122
0.596460
1.770065
0.729717
1.607453
-1.006824
-0.434830
-2.076746
-0.154711
-0.407689
0.840454
-1.113129
-0.528999
-0.371584
0.865172
-1.136655
-1.104443
-0.901757
0.682643
2.182352
0.756053
-0.882441
1.177815
-0.885951
-0.617878
1.016563
1.153677
-0.054666
1.134568
-0.090067
-1.281125
0.007562
-0.142776
-1.551919
0.995234
-0.964124
-0.230863
-0.543056
-0.160473
-0.126479
1.743486
-0.343285
-0.794996
-0.041618
0.184800
-0.396396
0.527963
0.291740
0.446975
1.562483
-1.839169
0.089606
-0.350045
0.374370
0.964745
-0.043061
0.311192
-0.404408
-0.353834
2.740720
-2.530699
-0.310260
0.576913
-1.565139
-1.701077
1.175773
1.369953
-0.590630
0.173467
-0.083854
-0.686968
-1.115484
0.351397
0.445134
1.407667
1.576671
-1.678105
0.508149
0.090421
-1.885926
0.774120
1.343426
0.255792
-0.912895
-0.198537
-1.153030
0.570894
0.517916
1.164879
0.562202
-0.953146
1.150935
-0.129033
0.200893
0.736603
1.345862
0.899747
0.135075
0.943771
-0.691171
-0.272074
-1.843629
-1.401856
-0.230242
0.069982
0.556132
-0.708409
1.165868
-2.389063
-0.710033
-1.228761
0.215164
-0.433956
-1.041733
1.700039
-0.711531
0.464312
0.289457
0.317171
-0.114649
-1.458551
-1.679597
1.687605
0.477242
-0.782029
-0.350696
0.043394
1.250292
0.416094
-0.230552
0.511305
-0.049983
0.118767
1.070201
3.000260
0.530502
-0.377996
1.513231
0.067096
-0.870564
0.431896
2.880600
-0.001041
1.293830
-1.422215
0.206385
0.980217
-1.186778
0.486069
1.294639
-0.014948
-1.577093
-0.827939
-0.293072
1.541861
-1.753324
-2.066579
1.601154
1.375981
-0.337083
-1.135763
1.225598
-0.628380
0.167054
-0.254912
-1.164904
0.957367
0.199849
-0.131669
-0.397609
-0.119816
0.690145
-0.345930
0.484872
-0.111880
-0.778719
-0.872806
-0.093495
-0.803339
-0.060868
0.099380
-0.244965
-0.985579
-0.011375
0.179014
-1.658703
-0.294136
-0.713916
-0.114094
0.869948
-1.484756
-0.534114
-1.054616
-0.598236
1.341566
1.180951
-1.571669
0.846544
-0.000755
-0.469080
0.365277
0.284437
0.890967
-0.484455
-1.954309
1.847196
1.052735
0.536533
-0.573134
0.154434
0.837864
-0.539969
0.835766
0.695911
1.159116
0.370155
0.528250
1.041657
-2.199958
0.191545
1.179216
-0.620926
0.107371
0.234260
-0.308204
1.026674
-0.413130
-1.360574
0.690320
0.296886
-0.685707
-0.830758
-1.404450
1.800999
0.328248
-0.606834
0.154775
-0.734254
-1.070057
-1.728007
-1.962215
0.977364
-0.096348
-0.764916
0.568738
-1.202435
0.611182
0.720366
0.625202
1.015276
1.333330
-0.420993
-0.847959
0.281923
0.783248
-0.871752
-0.013516
-0.357557
0.909100
-0.776595
-0.696042
-0.148385
-0.018828
-1.431759
-0.351707
0.593408
1.362045
-0.451699
0.602395
0.771622
0.009288
2.560519
-0.314307
-0.169940
-0.358959
-0.378494
1.128168
-0.871760
0.286132
2.531106
0.884427
1.335616
0.516480
0.066287
-0.031086
0.137333
2.047892
0.464092
0.466765
-0.635606
-0.974718
1.014267
-0.258623
-1.199950
-1.693442
-1.192838
-1.227354
0.053250
-0.029474
0.049284
0.149231
0.862205
1.446880
-0.625840
-1.702998
-1.114776
-0.268174
-0.082398
-0.224638
-0.613448
1.329018
1.153483
-0.358055
-0.164756
0.821431
0.278409
-0.883206
1.292662
-1.124134
0.685299
0.260886
1.195883
0.668628
-0.525666
-1.920630
0.486027
-0.633087
0.308603
-0.818362
-1.318729
-0.386015
0.579548
-0.382506
0.519203
0.566666
0.807622
0.361499
-1.019222
0.040200
-1.234658
0.715586
0.611638
1.899422
-0.684479
-1.398153
-0.518816
-1.077843
-1.640916
0.178753
0.130357
-0.853258
0.574610
-0.972820
-2.499862
0.083388
0.736284
-0.188621
1.497159
-0.955579
0.045851
0.068701
-0.264526
-1.038584
1.161992
-0.618912
0.220439
-0.418972
0.896539
0.825569
1.372824
0.844893
0.634149
2.232560
0.168809
0.890594
-0.002323
2.255040
-3.103556
-0.099062
0.759875
-0.204109
-0.801886
-0.354651
0.868702
-0.784284
0.760257
1.122663
-1.778914
-1.235046
0.326492
-0.501357
0.084702
-1.204019
0.100584
0.659130
0.510036
0.996153
0.502807
-0.399165
0.963117
-0.710897
-0.906634
0.323118
0.460709
1.028407
0.387453
0.043015
-0.312299
0.944729
-1.326129
-0.632484
-0.647738
-0.428764
0.214804
0.246283
1.258831
-1.481668
0.302203
0.372463
1.864178
-0.061211
-0.157272
0.367873
0.858243
-1.001099
0.291786
-1.663692
0.260989
0.208889
0.231955
0.063473
1.702696
0.185651
-0.844063
0.527695
-0.489203
0.715081
-0.114626
0.859235
-0.473724
0.259315
0.532888
-3.057737
0.428201
0.626107
-0.674738
-0.555148
2.358383
0.778236
0.748662
-2.098113
-0.575876
-0.461568
-2.089595
-0.275224
1.089174
0.083953
-0.763427
-0.878702
-1.073586
-0.034498
-0.023439
0.214648
0.728564
-0.122130
-0.519738
-1.618121
0.138419
-0.483359
-0.554888
2.161788
-0.200674
-0.959158
0.331783
1.596126
-0.193931
1.219663
-0.333270
-0.645782
1.395410
-0.442785
-0.718223
0.585120
0.296327
0.312723
-0.836069
-1.465943
0.143073
1.421753
-1.315383
1.775505
0.318697
-1.061205
-0.574067
-0.862038
0.535383
-0.367879
1.063167
-0.612502
-0.223103
-1.491301
-0.852925
-0.124832
-1.016312
-0.270555
-0.577165
-1.745930
0.924265
-0.058699
0.009663
0.661447
-0.457465
0.528099
0.200958
0.780873
1.342619
0.091992
1.874425
0.547401
1.251680
2.299000
0.870549
0.850896
-1.552479
1.168249
-0.007121
-0.658039
1.112616
0.186493
1.223384
0.640967
-1.148288
0.575078
0.189335
-0.906216
0.772428
1.210230
0.664596
1.481085
1.436306
1.079568
-0.093420
-1.178675
-0.841533
-0.654169
-0.400572
-1.438481
-2.162967
-2.618334
-0.387165
-1.504281
-0.076487
-0.509945
-1.626593
-1.343705
0.275235
-0.771734
0.548538
-0.174492
-0.352333
1.338200
1.693774
0.468798
0.264382
0.466259
0.806916
0.370869
-0.020004
1.333981
1.698040
0.191160
-1.189883
0.841914
-1.098591
-1.346130
-0.039273
1.600399
0.869108
1.889139
0.582405
0.942641
0.249600
1.210582
-1.120657
-0.230312
0.348500
0.998765
-0.052815
-0.250896
0.260611
-0.136607
0.759635
0.392602
0.789185
0.165360
-0.963844
0.394135
0.336679
-0.256341
-1.489759
-1.440862
1.351721
-0.274650
0.957978
-0.413101
-0.430844
0.208758
-0.327591
1.005113
0.138135
0.638002
-0.740365
-1.193387
0.929747
0.287346
0.009200
1.113539
-0.387676
1.179829
0.549497
1.722185
2.856838
-0.629627
0.942934
-1.034375
1.532568
0.269539
0.407951
0.865424
2.130458
0.072916
0.097789
-0.902001
1.133578
-1.804909
-1.339022
-0.385880
0.119303
-0.203785
1.588620
-1.573323
0.987274
1.324930
-0.820120
0.497685
0.455091
-1.423467
-1.136049
1.415236
0.551372
0.477916
-0.258048
1.124147
0.994134
-1.258693
0.664703
-1.143332
2.562748
0.798936
-0.757812
0.515270
-0.036013
0.519802
-0.961439
0.248474
1.515638
1.903683
-0.326963
-0.964175
-0.156718
1.212425
0.326226
1.031010
-0.092742
1.646911
-1.159966
-0.454260
-1.137069
-0.192548
0.224515
-0.897800
0.459990
-1.448511
-0.638943
0.793966
0.220540
-0.312559
-1.220798
-0.579575
-0.270553
-0.084968
-0.023769
1.422799
0.165355
2.958578
-1.061953
0.235639
-0.696537
1.853530
0.973665
1.066554
-0.036017
0.227971
1.937153
0.542817
1.870997
2.523269
-1.729025
1.144163
-0.832309
1.053689
-0.404843
0.283098
1.678046
1.435228
-1.188691
0.774048
-0.628094
-0.060859
-1.079210
0.663533
0.094479
-1.069804
