0.561578
0.508247
0.405065
0.729717
2.182352
-0.964124
0.089606
-0.590630
-0.912895
-0.691171
-0.711531
-0.049983
-1.186778
0.167054
-0.060868
1.180951
-1.442710
-1.143368
-0.911382
1.607453
0.756053
-0.230863
-0.350045
0.173467
-0.198537
-0.272074
0.464312
0.118767
0.486069
-0.254912
0.099380
-1.571669
-0.343555
-1.071038
1.728627
-1.006824
-0.882441
-0.543056
0.374370
-0.083854
-1.153030
-1.843629
0.289457
1.070201
1.294639
-1.164904
-0.244965
0.846544
-1.692084
2.209811
-0.150683
-0.434830
1.177815
-0.160473
0.964745
-0.686968
0.570894
-1.401856
0.317171
3.000260
-0.014948
0.957367
-0.985579
-0.000755
0.883880
0.307708
-1.085550
-2.076746
-0.885951
-0.126479
-0.043061
-1.115484
0.517916
-0.230242
-0.114649
0.530502
-1.577093
0.199849
-0.011375
-0.469080
3.281204
-0.769411
0.012747
-0.154711
-0.617878
1.743486
0.311192
0.351397
1.164879
0.069982
-1.458551
-0.377996
-0.827939
-0.131669
0.179014
0.365277
1.340255
0.599353
-0.391230
-0.407689
1.016563
-0.343285
-0.404408
0.445134
0.562202
0.556132
-1.679597
1.513231
-0.293072
-0.397609
-1.658703
0.284437
-1.085624
-0.575591
-0.579118
0.840454
1.153677
-0.794996
-0.353834
1.407667
-0.953146
-0.708409
1.687605
0.067096
1.541861
-0.119816
-0.294136
0.890967
-1.186925
0.250253
-0.909971
-1.113129
-0.054666
-0.041618
2.740720
1.576671
1.150935
1.165868
0.477242
-0.870564
-1.753324
0.690145
-0.713916
-0.484455
-0.827715
-2.268791
1.146237
-0.528999
1.134568
0.184800
-2.530699
-1.678105
-0.129033
-2.389063
-0.782029
0.431896
-2.066579
-0.345930
-0.114094
-1.954309
1.521492
-0.043557
0.370212
-0.371584
-0.090067
-0.396396
-0.310260
0.508149
0.200893
-0.710033
-0.350696
2.880600
1.601154
0.484872
0.869948
1.847196
0.440389
-0.142541
-0.698740
0.865172
-1.281125
0.527963
0.576913
0.090421
0.736603
-1.228761
0.043394
-0.001041
1.375981
-0.111880
-1.484756
1.052735
1.716294
0.108606
0.978982
-1.136655
0.007562
0.291740
-1.565139
-1.885926
1.345862
0.215164
1.250292
1.293830
-0.337083
-0.778719
-0.534114
0.536533
0.772338
0.779969
0.153122
-1.104443
-0.142776
0.446975
-1.701077
0.774120
0.899747
-0.433956
0.416094
-1.422215
-1.135763
-0.872806
-1.054616
-0.573134
0.296533
-1.349810
0.596460
-0.901757
-1.551919
1.562483
1.175773
1.343426
0.135075
-1.041733
-0.230552
0.206385
1.225598
-0.093495
-0.598236
0.154434
-1.806562
0.092485
1.770065
0.682643
0.995234
-1.839169
1.369953
0.255792
0.943771
1.700039
0.511305
0.980217
-0.628380
-0.803339
1.341566
0.837864
-0.539969
-1.360574
-0.764916
-0.776595
-0.378494
1.014267
-0.082398
-0.525666
-1.234658
0.736284
0.634149
-1.778914
0.460709
1.864178
-0.489203
-0.575876
0.835766
0.690320
0.568738
-0.696042
1.128168
-0.258623
-0.224638
-1.920630
0.715586
-0.188621
2.232560
-1.235046
1.028407
-0.061211
0.715081
-0.461568
0.695911
0.296886
-1.202435
-0.148385
-0.871760
-1.199950
-0.613448
0.486027
0.611638
1.497159
0.168809
0.326492
0.387453
-0.157272
-0.114626
-2.089595
1.159116
-0.685707
0.611182
-0.018828
0.286132
-1.693442
1.329018
-0.633087
1.899422
-0.955579
0.890594
-0.501357
0.043015
0.367873
0.859235
-0.275224
0.370155
-0.830758
0.720366
-1.431759
2.531106
-1.192838
1.153483
0.308603
-0.684479
0.045851
-0.002323
0.084702
-0.312299
0.858243
-0.473724
1.089174
0.528250
-1.404450
0.625202
-0.351707
0.884427
-1.227354
-0.358055
-0.818362
-1.398153
0.068701
2.255040
-1.204019
0.944729
-1.001099
0.259315
0.083953
1.041657
1.800999
1.015276
0.593408
1.335616
0.053250
-0.164756
-1.318729
-0.518816
-0.264526
-3.103556
0.100584
-1.326129
0.291786
0.532888
-0.763427
-2.199958
0.328248
1.333330
1.362045
0.516480
-0.029474
0.821431
-0.386015
-1.077843
-1.038584
-0.099062
0.659130
-0.632484
-1.663692
-3.057737
-0.878702
0.191545
-0.606834
-0.420993
-0.451699
0.066287
0.049284
0.278409
0.579548
-1.640916
1.161992
0.759875
0.510036
-0.647738
0.260989
0.428201
-1.073586
1.179216
0.154775
-0.847959
0.602395
-0.031086
0.149231
-0.883206
-0.382506
0.178753
-0.618912
-0.204109
0.996153
-0.428764
0.208889
0.626107
-0.034498
-0.620926
-0.734254
0.281923
0.771622
0.137333
0.862205
1.292662
0.519203
0.130357
0.220439
-0.801886
0.502807
0.214804
0.231955
-0.674738
-0.023439
0.107371
-1.070057
0.783248
0.009288
2.047892
1.446880
-1.124134
0.566666
-0.853258
-0.418972
-0.354651
-0.399165
0.246283
0.063473
-0.555148
0.214648
0.234260
-1.728007
-0.871752
2.560519
0.464092
-0.625840
0.685299
0.807622
0.574610
0.896539
0.868702
0.963117
1.258831
1.702696
2.358383
0.728564
-0.308204
-1.962215
-0.013516
-0.314307
0.466765
-1.702998
0.260886
0.361499
-0.972820
0.825569
-0.784284
-0.710897
-1.481668
0.185651
0.778236
-0.122130
1.026674
0.977364
-0.357557
-0.169940
-0.635606
-1.114776
1.195883
-1.019222
-2.499862
1.372824
0.760257
-0.906634
0.302203
-0.844063
0.748662
-0.519738
-0.413130
-0.096348
0.909100
-0.358959
-0.974718
-0.268174
0.668628
0.040200
0.083388
0.844893
1.122663
0.323118
0.372463
0.527695
-2.098113
-1.618121
0.138419
0.296327
-0.223103
1.342619
-1.148288
-2.162967
0.264382
0.582405
-0.963844
-0.740365
0.407951
-0.820120
-0.757812
-1.159966
-0.023769
-1.729025
-0.483359
0.312723
-1.491301
0.091992
0.575078
-2.618334
0.466259
0.942641
0.394135
-1.193387
0.865424
0.497685
0.515270
-0.454260
1.422799
1.144163
-0.554888
-0.836069
-0.852925
1.874425
0.189335
-0.387165
0.806916
0.249600
0.336679
0.929747
2.130458
0.455091
-0.036013
-1.137069
0.165355
-0.832309
2.161788
-1.465943
-0.124832
0.547401
-0.906216
-1.504281
0.370869
1.210582
-0.256341
0.287346
0.072916
-1.423467
0.519802
-0.192548
2.958578
1.053689
-0.200674
0.143073
-1.016312
1.251680
0.772428
-0.076487
-0.020004
-1.120657
-1.489759
0.009200
0.097789
-1.136049
-0.961439
0.224515
-1.061953
-0.404843
-0.959158
1.421753
-0.270555
2.299000
1.210230
-0.509945
1.333981
-0.230312
-1.440862
1.113539
-0.902001
1.415236
0.248474
-0.897800
0.235639
0.283098
0.331783
-1.315383
-0.577165
0.870549
0.664596
-1.626593
1.698040
0.348500
1.351721
-0.387676
1.133578
0.551372
1.515638
0.459990
-0.696537
1.678046
1.596126
1.775505
-1.745930
0.850896
1.481085
-1.343705
0.191160
0.998765
-0.274650
1.179829
-1.804909
0.477916
1.903683
-1.448511
1.853530
1.435228
-0.193931
0.318697
0.924265
-1.552479
1.436306
0.275235
-1.189883
-0.052815
0.957978
0.549497
-1.339022
-0.258048
-0.326963
-0.638943
0.973665
-1.188691
1.219663
-1.061205
-0.058699
1.168249
1.079568
-0.771734
0.841914
-0.250896
-0.413101
1.722185
-0.385880
1.124147
-0.964175
0.793966
1.066554
0.774048
-0.333270
-0.574067
0.009663
-0.007121
-0.093420
0.548538
-1.098591
0.260611
-0.430844
2.856838
0.119303
0.994134
-0.156718
0.220540
-0.036017
-0.628094
-0.645782
-0.862038
0.661447
-0.658039
-1.178675
-0.174492
-1.346130
-0.136607
0.208758
-0.629627
-0.203785
-1.258693
1.212425
-0.312559
0.227971
-0.060859
1.395410
0.535383
-0.457465
1.112616
-0.841533
-0.352333
-0.039273
0.759635
-0.327591
0.942934
1.588620
0.664703
0.326226
-1.220798
1.937153
-1.079210
-0.442785
-0.367879
0.528099
0.186493
-0.654169
1.338200
1.600399
0.392602
1.005113
-1.034375
-1.573323
-1.143332
1.031010
-0.579575
0.542817
0.663533
-0.718223
1.063167
0.200958
1.223384
-0.400572
1.693774
0.869108
0.789185
0.138135
1.532568
0.987274
2.562748
-0.092742
-0.270553
1.870997
0.094479
0.585120
-0.612502
0.780873
0.640967
-1.438481
0.468798
1.889139
0.165360
0.638002
0.269539
1.324930
0.798936
1.646911
-0.084968
2.523269
-1.069804
