1.415236
0.257591
1.553216
-0.554518
0.588535
0.900569
0.841914
-0.447765
-1.577093
0.167240
1.869466
-1.797692
-1.270505
-1.342683
1.709921
0.595316
0.372463
2.020304
0.548538
0.036350
0.727029
1.117737
0.260611
-1.588427
0.539757
-1.070057
0.468798
-0.852925
-1.614862
-0.429605
0.924265
-0.020629
1.064052
0.508149
-0.459323
0.573542
0.287346
0.510036
0.400301
-0.765810
0.412942
-0.885951
-0.504171
-0.092742
0.352190
1.292662
-1.463457
-0.766358
-0.882441
1.527178
0.751852
-1.025118
-0.934599
0.364841
0.152010
-1.069804
0.632112
-0.606834
-0.333270
0.396318
-1.509655
-1.225928
1.126856
0.405065
-0.742100
-0.345951
1.543738
0.517107
1.441843
0.097789
1.699994
1.026674
3.134524
-0.361645
0.542564
0.429493
-1.034375
-0.125017
-0.129033
1.225598
0.562202
-3.027063
0.831065
1.168249
-1.199950
0.047196
-0.071308
1.678046
0.480457
-1.839169
-0.556983
0.878327
-2.386679
-0.784021
-1.224866
0.874965
-0.518816
-1.058126
0.264382
-0.140103
0.821431
-0.758579
0.464312
-0.327591
-0.122143
-2.036692
0.739853
-0.076487
0.083953
-1.186778
0.477925
0.131570
-0.056937
0.639122
-0.096348
0.466352
-1.134767
-1.713517
0.859235
-0.150374
0.658624
0.328694
-0.553681
-0.827939
0.901258
-1.016775
0.337012
0.108606
0.715081
-0.627620
1.005113
1.375981
-0.169940
-0.633087
0.466259
-0.593279
-0.375641
-2.066579
0.957978
-0.042445
0.530502
0.613350
-2.076746
1.524560
1.874425
0.610912
0.477818
1.061415
-0.476513
-0.154690
-0.617878
0.846544
-0.467113
-0.844063
-0.204109
0.364737
1.778159
-1.223338
0.331783
0.168673
0.105610
0.092485
-0.880239
-0.724611
0.306611
-0.164756
0.592276
-1.072015
-1.743688
-0.827714
0.888184
0.792562
-1.906990
-0.122130
0.581375
0.275235
0.502807
-0.109638
0.708995
0.154434
0.477242
2.856838
0.319422
-0.274650
-0.763427
-0.248130
-2.098113
0.791009
-0.103435
0.695911
-0.778719
0.417692
-0.878702
0.388614
0.973665
-0.031086
0.527963
-1.122229
-0.645782
0.295054
-0.111880
-0.095742
1.621577
-0.308204
1.254448
-0.963844
1.335616
-0.003294
2.958578
-2.045116
-0.084904
-0.528791
-1.188691
-0.883841
0.869948
0.168809
-1.113129
2.036393
-0.632484
-0.598139
-0.183655
0.259315
-0.371594
0.582405
-0.991427
-0.273983
-0.404408
-0.628380
0.370869
-0.007121
-0.577165
1.532568
0.083290
0.214804
-1.085550
-0.917597
-0.121228
-0.082398
-0.141910
0.980217
-0.343285
0.965550
0.698171
-0.041618
-0.573134
0.740046
0.664703
1.722185
-0.120155
0.817124
-0.652942
1.223384
0.918746
0.118767
0.929747
-0.258048
0.541135
0.311192
-1.189713
-1.268788
-0.628094
0.227971
0.351397
-1.061205
0.685709
-1.422215
-0.818362
1.716294
-2.756248
1.323536
-0.619739
-0.254912
2.485971
-0.289580
0.807622
0.119303
-1.041733
1.513231
0.748662
0.352088
0.756053
-1.152729
0.324219
0.387453
0.331416
1.770065
1.414570
0.806916
-2.244949
-1.962215
0.296533
-1.442710
-0.361872
-1.728007
0.634149
1.133578
1.423005
-1.754598
-1.626593
1.481085
-0.726509
-0.036017
-0.461103
-2.089595
-0.579118
-0.794378
-2.530699
-0.606000
0.611182
1.317475
1.435228
-0.691171
0.250253
1.041472
-0.272074
0.197850
0.124844
0.204650
-0.196332
-0.638943
0.072916
1.340255
-1.221058
1.031010
-0.807014
-1.489759
-1.281650
0.208758
-0.022915
-0.906634
-0.161659
0.484872
-0.263649
1.023086
-0.964124
-0.629627
0.988317
1.201142
0.199849
1.180951
-1.120657
1.644505
0.173467
0.869108
-1.077843
1.162170
0.772428
0.328248
0.561578
0.527695
0.831101
0.091992
0.570894
0.266622
-0.378728
-1.274811
-0.540053
-0.096950
-1.954309
0.515270
1.521492
-0.846027
0.604050
-0.901757
-1.097619
0.231955
0.798936
0.165355
0.094479
0.283098
1.218457
0.517916
-0.646000
-0.396396
0.611638
0.519203
-0.534157
0.191160
1.269514
-0.953146
2.880600
-0.244965
0.286132
-0.426162
-1.883989
-1.098591
0.590666
-0.275224
1.112616
1.937153
-0.708409
-0.189128
-0.250896
0.774048
0.729717
0.149231
-0.223620
-1.679597
0.049284
-0.575876
-1.343705
3.281204
-1.729025
-0.031878
-0.714731
-0.977190
-0.228725
-0.399165
0.528417
-0.378494
1.153483
0.009288
-1.745930
-0.397609
-0.034498
1.571007
0.016568
1.421753
-0.919544
0.153122
-0.433956
-0.174492
-0.835641
1.097994
-0.879418
-0.013516
-1.484756
0.676552
-0.866271
0.508247
-0.623163
2.562748
-0.023439
2.467775
0.715586
0.151433
0.043015
-1.315383
-1.136655
-0.428764
0.600382
-0.625840
-1.271104
1.293830
0.200958
0.317171
-0.519738
-0.718223
-0.768077
-0.912895
0.570804
-1.153030
-0.448443
-1.495743
0.690482
-0.036407
1.388297
-0.501556
0.789185
-1.753324
-0.442785
-0.341897
-1.308069
-0.434830
0.878631
-0.385880
0.040200
-1.227354
0.888230
0.361499
-1.088466
1.250292
-0.371584
-1.693442
0.780873
-0.483359
0.278409
-0.836069
0.579548
-0.160473
-1.317768
-0.192548
-0.156718
-2.807735
1.703565
1.436306
0.260989
1.210230
-0.782029
-0.002190
0.408546
1.104678
0.394135
0.942934
0.260886
0.409530
-0.555148
0.745026
-0.461568
-0.343555
0.535383
1.015355
-0.260188
-0.550391
-0.407689
1.345862
1.576671
-2.618334
1.258831
0.576913
-0.855334
-0.685707
-0.961439
-0.052815
-0.942874
0.172245
-0.906216
0.284437
-0.769411
1.134568
-0.300240
2.762293
1.596126
-0.193931
-0.418972
-0.598236
0.416094
-1.491301
-0.276355
-0.525666
-1.193387
-0.137575
-0.764916
1.541861
0.108363
0.189335
0.745958
0.837864
-0.358055
0.551372
-1.059222
-0.150594
-2.499862
0.170801
0.234260
-1.458551
-1.618121
1.196541
2.569611
1.109543
1.324930
-0.093495
0.370155
0.536533
1.693774
0.143073
1.053689
0.987274
0.511305
1.212425
1.028407
-3.103556
1.191598
1.113539
1.853530
-0.528999
-0.972820
-1.136049
0.220439
0.528250
-0.577585
-1.448511
2.130458
0.996153
0.281923
1.164879
-0.093420
-0.613448
1.343426
-1.339022
-0.099023
-0.713916
-1.565139
-1.178675
-0.230552
-2.389063
-0.001041
0.850896
-1.202435
-1.115484
0.939471
-0.698740
0.862205
1.165868
-1.318729
-0.136607
-0.155076
1.700039
0.342668
0.246283
-0.018828
-0.264526
1.041657
1.395410
0.179014
1.175773
2.560519
0.100584
-1.398153
-1.073586
0.998765
-0.387676
-1.504281
-0.039273
0.883880
-0.043557
0.868702
0.661447
0.759875
-0.312559
-0.084968
-0.117965
-0.870564
0.440389
-0.871752
-0.060868
0.007562
1.864178
-0.043061
-0.398728
-1.204019
-0.638685
-0.457465
1.179216
1.052735
-0.654169
0.326492
0.186493
-0.142541
0.296886
-1.300040
0.269539
-0.023769
2.523269
0.682643
-0.847959
0.690320
-0.148385
2.299000
0.778236
0.043394
1.903683
-0.157272
-0.539969
-1.148288
-1.164904
0.407951
-0.404843
0.323118
-0.853258
2.740720
1.782927
-1.192838
-0.883206
0.963117
0.659130
1.210582
-1.314821
-0.871760
0.206385
-1.778914
-0.216372
0.249600
-1.551919
0.336679
-0.350696
-0.501357
-0.126479
1.219663
0.865172
1.728627
0.777814
0.466765
3.000260
-0.473724
0.293683
0.208889
-0.420993
-0.314307
1.588620
1.698040
-0.985579
-0.061211
1.743486
0.727037
0.995234
-0.203785
-0.029474
-0.131669
1.899422
-0.218341
-0.326963
-0.955579
-0.352333
2.255040
-0.142776
0.069982
1.646911
0.840454
-1.663692
0.053250
0.899747
0.994134
0.728564
0.593408
0.477916
-1.281125
-0.543056
0.978982
-0.154711
-1.079210
0.865424
2.047892
0.455091
0.445134
1.079568
-0.124832
-0.679343
-0.696042
-1.071038
0.090421
0.549497
-0.294136
1.159116
0.464092
0.370212
-1.404450
0.599353
-0.911382
-0.902001
-1.465943
-0.710033
0.138135
-0.776595
0.235639
-0.345930
0.135075
-1.885926
-1.006824
0.107371
0.460709
1.607453
-0.686968
-1.346130
-1.061953
1.341566
-1.234658
-0.382506
0.486027
1.089174
-0.353834
-0.803339
-1.258693
0.431896
1.195883
0.154775
-1.423467
1.070201
