0
34
9
0
0
13
9
0
0
33
9
0
0
38
29
0
0
19
21
0
0
4
45
0
0
12
2
0
0
5
4
0
0
13
43
0
0
45
34
0
0
41
7
0
0
2
46
0
0
10
26
0
0
7
17
0
0
16
3
0
0
33
1
0
0
29
42
0
0
44
4
0
0
35
46
0
0
8
3
0
0
33
2
0
0
34
23
0
0
39
38
0
0
6
47
0
0
12
35
0
0
11
24
0
0
45
41
0
0
40
37
0
0
23
4
0
0
13
25
0
0
44
26
0
0
37
34
0
0
35
3
0
0
21
32
0
0
10
6
0
0
3
26
0
0
12
11
0
0
9
16
0
0
41
10
0
0
8
22
0
0
42
34
0
0
9
6
0
0
3
42
0
0
26
46
0
0
46
30
0
0
41
45
0
0
41
12
0
0
12
29
0
0
29
19
0
0
28
7
0
0
16
45
0
0
33
29
0
0
29
47
0
0
3
24
0
0
45
29
0
0
9
22
0
0
26
43
0
0
29
29
0
0
22
15
0
0
10
33
0
0
7
26
0
0
11
30
0
0
9
27
0
0
21
44
0
0
22
25
0
0
11
13
0
0
24
16
0
0
9
32
0
0
2
13
0
0
25
18
0
0
30
36
0
0
34
1
0
0
12
37
0
0
18
28
0
0
17
4
0
0
7
10
0
0
24
12
0
0
6
39
0
0
45
18
0
0
30
27
0
0
29
6
0
0
5
40
0
0
32
14
0
0
40
44
0
0
45
14
0
0
46
20
0
0
18
8
0
0
22
6
0
0
23
26
0
0
6
18
0
0
18
4
0
0
43
14
0
0
31
19
0
0
34
32
0
0
13
32
0
0
9
30
0
0
11
11
0
0
5
42
0
0
31
21
0
0
4
22
0
0
3
28
0
0
8
20
0
0
39
42
0
0
44
15
0
0
4
17
0
0
26
41
0
0
42
26
0
0
29
2
0
0
3
46
0
0
3
24
0
0
31
28
0
0
1
5
0
0
31
37
0
0
14
32
0
0
38
31
0
0
40
44
0
0
3
17
0
0
23
47
0
0
47
28
0
0
37
38
0
0
38
43
0
0
15
23
0
0
29
5
0
0
18
44
0
0
39
34
0
0
42
41
0
0
6
19
0
0
20
10
0
0
29
43
0
0
7
38
0
0
42
19
0
0
9
14
0
0
25
42
0
0
15
4
0
0
18
23
0
0
5
18
0
0
1
47
0
0
20
34
0
0
9
27
0
0
31
16
0
0
29
10
0
0
9
14
0
0
33
5
0
0
47
14
0
0
47
22
0
0
32
38
0
0
38
13
0
0
22
15
0
0
32
33
0
0
19
1
0
0
45
33
0
0
15
21
0
0
16
47
0
0
33
26
0
0
5
0
0
0
18
1
0
0
11
33
0
0
1
22
0
0
34
32
0
0
33
8
0
0
7
33
0
0
9
20
0
0
41
18
0
0
43
40
0
0
34
9
0
0
32
5
0
0
22
2
0
0
1
38
0
0
22
25
0
0
3
32
0
0
22
26
0
0
11
7
0
0
7
20
0
0
29
22
0
0
46
32
0
0
23
43
0
0
35
25
0
0
22
20
0
0
19
29
0
0
26
26
0
0
35
0
0
0
33
13
0
0
18
22
0
0
6
46
0
0
38
17
0
0
3
41
0
0
3
31
0
0
7
26
0
0
29
32
0
0
22
13
0
0
11
27
0
0
38
35
0
0
7
9
0
0
34
25
0
0
5
34
0
0
41
36
0
0
21
25
0
0
3
0
0
0
22
33
0
0
3
18
0
0
0
11
0
0
28
23
0
0
28
29
0
0
7
5
0
0
30
43
0
0
47
6
0
0
24
9
0
0
20
12
0
0
2
15
0
0
39
0
0
0
10
21
0
0
2
43
0
0
11
10
0
0
21
15
0
0
10
35
0
0
43
44
0
