1.442631
1.932980
0.107914
1.027001
0.662726
-0.210890
1.714817
1.118946
-0.246921
-1.418806
2.326433
1.420456
-0.721643
1.215406
-0.244037
-0.544102
-0.018083
2.079190
0.047461
1.976238
-0.731623
1.192940
-0.627392
0.322667
-0.626646
0.024170
0.363436
-0.205454
-0.138184
1.036501
1.910491
0.432120
0.639115
0.383440
0.624449
0.667121
-1.395061
0.897019
1.585653
-0.548402
0.923557
1.608514
1.000846
0.957381
-2.074818
0.428918
0.439146
-0.330533
-0.646620
0.447286
-0.801127
0.884505
-0.577114
-0.372107
0.018451
-0.310933
1.346747
-0.059519
-1.170144
0.127695
-0.357421
1.810619
0.334300
0.689806
-0.687229
-1.273052
-1.659929
0.893140
0.739214
0.977194
1.297414
1.771079
0.219407
-0.118639
1.140572
-0.283309
0.395994
-1.227420
1.255000
0.644314
1.117439
-0.229380
1.890622
-0.811296
-0.995390
0.742395
-0.850111
0.184159
-0.478383
-0.464839
-0.809710
-0.441139
-0.093518
0.313605
0.613323
0.953619
0.090359
-0.636905
0.220677
-2.084436
0.773317
-0.769791
0.859194
-2.125307
-0.322381
0.565476
1.566492
0.385158
-0.124264
1.082817
-1.502025
0.056649
1.588589
-0.938466
0.936216
-0.528503
-0.348414
0.412258
-0.481190
0.686400
-1.130162
-0.905611
-1.078951
-0.761869
0.309262
2.369847
-1.158976
0.047453
-0.443182
0.131288
1.465707
2.378823
0.469039
-1.084347
0.218110
0.617426
-0.034549
1.170771
0.764156
-0.352765
0.631221
-1.299519
-0.721379
0.728379
0.744325
-0.284561
0.139221
-0.443304
-0.178387
0.888253
-0.778019
-0.402170
0.247626
0.439699
-1.315212
-0.173035
0.892799
-0.982241
1.194975
0.872128
0.264994
0.056205
0.909994
0.791567
-0.390243
-0.205629
0.426925
1.684848
0.783906
-1.606103
0.084674
-0.515914
1.055940
-1.275849
-0.801151
0.031804
1.726445
1.126383
-0.472760
0.309104
-0.127714
0.429565
-0.958933
-0.173419
0.394245
-0.916843
1.502707
-2.082115
-0.079135
0.837632
-0.801830
-0.760765
0.298205
-0.229215
-0.309621
0.399639
0.064214
-0.863337
0.306495
-1.092795
-1.637503
-0.330955
2.023157
0.357365
1.061047
-0.461483
-1.584444
-1.181688
-0.487417
-1.878431
-0.661658
0.851111
0.959452
-0.998974
0.248494
-0.747319
0.616288
1.032308
-0.974194
0.648932
0.829970
2.306134
-0.470151
-1.325814
0.320393
-1.013726
2.715211
-0.975846
0.916050
0.742825
-1.172824
0.141045
1.083984
0.460523
1.022478
-0.827770
0.765251
-1.447290
1.191187
0.117987
-1.022005
-0.342071
0.258057
0.136090
1.015507
-0.360180
0.329903
0.643288
-0.976488
1.261041
-1.048647
0.598609
-0.513917
-0.515620
-0.199289
-1.345324
-1.192686
0.321363
-1.628616
-1.449275
0.301591
-0.168032
-0.714836
0.295710
0.024982
0.175353
-3.028237
0.727945
0.780606
-0.853026
-0.679803
-1.491350
0.009267
-1.966115
-1.107679
-1.065832
0.614624
0.181771
0.164525
0.577377
0.924072
0.079566
-0.125417
-0.797166
1.192032
1.017601
1.089815
0.457428
0.735902
0.908303
-1.633222
-0.128445
-1.878956
1.671695
-0.517131
-0.798935
1.132150
-0.732752
0.301689
-1.301549
1.654649
1.783156
0.024811
0.252378
0.214595
1.940114
0.361048
-0.407364
-0.268003
-1.367603
-0.748121
0.247481
1.263255
0.791270
-0.093206
1.415146
1.386747
2.454499
0.724667
-0.931317
0.347480
0.114825
-0.383245
0.202941
-0.263045
-0.723690
0.628130
-0.252133
-1.227964
-0.113750
-0.000304
0.075637
-0.441156
-0.702396
2.513906
-0.001897
1.620134
-0.625003
0.415536
-0.776646
-1.642546
-0.148327
-0.212956
-1.361747
0.934805
0.719062
1.230625
-0.099568
0.584494
-0.360275
0.696247
-0.880590
-1.119231
-0.157188
0.164319
-0.175426
-0.956206
-1.620866
1.635461
-0.772580
-1.009043
1.582512
-0.807983
-0.387084
1.405630
0.864598
-0.549219
-1.228540
0.526240
-3.385408
-0.659304
0.554054
0.143279
-0.165397
1.190744
1.384208
-0.320270
0.599566
0.667144
0.800958
0.270657
0.217108
0.388527
1.769495
-0.762195
0.212576
-2.696305
-0.449147
0.246504
-0.847641
0.078876
-0.804517
0.111076
-0.334856
-1.959228
0.495516
-1.046584
-0.885503
-1.558243
-1.605491
-0.262771
0.508153
-0.696791
-0.302644
1.653582
1.194764
-0.481969
-1.316071
-0.051375
-0.679876
0.354841
0.888856
0.995412
1.437950
-0.596101
1.491299
-1.556406
0.974532
-0.789617
-1.691576
-0.759634
-0.419486
0.383963
2.428171
-0.392713
1.064068
-1.203120
0.521905
1.117862
-0.116939
0.179268
0.404399
1.683290
-0.208932
-1.237091
1.012431
-1.114606
-1.251530
-0.029037
0.491689
0.347656
1.375244
-2.209770
0.694736
-0.703975
0.751999
0.734999
0.982891
-0.693206
0.475614
-2.075926
0.231369
-0.628762
-1.838641
-1.150566
0.525260
0.361946
-0.351568
0.579609
0.254240
0.790866
0.586573
-0.408783
0.039740
1.762850
1.941663
1.370309
0.653927
0.678502
1.379350
0.731967
0.712840
-1.484872
0.647521
0.558972
2.301142
1.071143
-0.420100
1.622169
0.527890
0.355991
0.019447
-1.791228
-0.723602
-0.002791
0.742332
0.211807
-0.277898
-0.490667
0.081372
0.590825
-1.031659
-1.109304
-0.093361
-0.234677
-0.180611
0.442245
-1.918326
-0.879781
0.313452
-1.241663
0.405464
0.147091
-1.571022
0.864933
0.508633
0.184304
0.141223
-0.604723
-0.251387
1.064914
-0.719460
-1.298424
1.135451
0.284222
-0.256502
1.664978
1.007113
-0.270782
0.822696
-0.577594
-0.015288
-0.934325
-0.822540
-0.920097
-1.311640
1.360323
-0.454544
-0.824622
-0.283089
-1.508049
-1.359916
1.625373
-0.069138
0.618999
-2.027330
-0.961654
-1.012749
0.414450
0.385611
-0.437503
-1.852171
-1.097584
0.452578
0.103920
-0.764176
-0.019131
-2.193760
-1.877594
0.392470
-1.565889
-0.230021
0.363544
-1.154958
-0.531829
-1.885476
-1.230124
-2.520062
-0.682137
0.549339
0.837653
0.959935
1.463665
0.932581
-0.486861
-1.231673
1.199169
0.660064
1.452324
-0.180999
0.573981
-0.499310
0.155083
-1.355115
-1.459717
0.406884
1.048840
0.595197
0.668848
-1.834467
0.888136
-0.459185
0.060390
-0.831406
-0.843997
1.537689
0.966190
2.838001
-0.665145
-1.013354
-0.997982
0.571538
0.083417
-0.654552
-0.624665
-0.504789
0.137288
-0.830006
0.841134
-0.588895
-0.017732
0.154201
-0.442449
1.332467
1.236001
-0.399707
-0.169663
0.033406
-1.047981
-0.685986
-0.713252
-0.917389
-0.552333
0.434110
0.833181
0.712268
1.234018
-0.081129
-0.804444
-1.795555
-0.432987
-0.016620
0.951590
-0.131174
-0.779882
1.503263
-0.188175
-0.419763
-1.138947
-1.285525
0.225969
-0.224165
0.151558
-2.457351
-0.444435
0.744171
1.945817
0.178509
-1.670578
-0.981834
-1.593966
0.829057
0.922652
1.509842
-0.811158
-0.734380
-1.193051
-1.699027
0.912360
0.148869
0.651796
-0.945952
-1.547912
-0.351003
-1.243404
0.311071
-0.905501
-1.485951
0.459335
1.222489
0.036824
-0.500704
-1.701211
-0.962614
-0.940323
0.844800
-1.586797
-0.720681
1.702088
-0.031353
0.392269
0.807176
-0.400181
-0.252392
-0.047276
-0.249142
1.445573
0.231049
-0.484629
0.973631
0.121011
0.184769
-0.220953
0.469714
0.037057
-0.450624
0.590274
-0.732267
-2.233927
-0.193556
-1.017600
-0.469414
-1.288846
0.946611
0.879544
1.110078
1.192961
-0.988297
-0.421616
0.562757
0.810025
-0.714244
-1.054923
-0.247123
1.662633
1.184553
-1.517766
-0.236070
-0.044059
-0.308504
1.059283
-0.259892
-0.711946
-0.447320
-0.020269
-0.599902
-2.183017
-0.446242
0.599108
-0.890933
-0.738607
0.225657
-0.106469
-0.822169
0.234600
-0.524750
0.401454
-2.147582
0.846053
-2.712919
0.059447
-0.045837
-1.503774
-1.753525
1.825455
-0.643133
0.763558
-1.173916
0.520923
0.318224
-2.353687
-0.101939
-0.465503
-0.347475
-0.246682
1.236619
0.169269
0.706453
-0.599389
1.607591
-1.040058
-1.049696
-1.144760
-1.036725
0.109889
0.371363
0.472138
-0.877501
-0.815304
-0.661872
0.655644
0.198745
0.104822
1.476533
0.490429
-1.195503
1.147570
3.444724
-1.338224
-0.224048
0.585684
-1.165026
-1.926228
-1.103950
0.118579
0.420697
-1.325096
-1.255089
-0.073194
0.490814
0.498497
0.501539
-2.110080
3.236729
-0.103787
-1.062240
0.023936
0.050608
0.785507
0.266699
1.295267
1.660972
1.698042
-0.652427
-0.063907
1.485350
-0.535844
-1.244537
-0.726339
0.498780
-0.607188
0.762175
1.807837
-0.687744
0.007520
-0.496196
0.663012
0.878401
0.085221
-0.637743
-1.180740
-1.678548
-0.211861
1.989797
-0.556620
-1.145004
-2.426393
0.002034
-0.856449
0.453009
0.738400
0.063837
0.884638
-0.744572
-0.583866
1.164199
0.801093
-2.169231
0.550925
0.109732
0.259444
0.252413
1.671733
0.265498
-0.403988
0.215123
-0.441719
-0.375405
-0.373404
0.765113
0.875998
-0.686154
0.681081
-0.598059
-0.101755
0.788141
-0.689089
-1.297388
1.627915
-1.802828
-0.461212
-1.289370
-0.431941
0.765967
-0.044419
0.552786
-1.499271
-1.568211
-1.015157
-0.980479
1.888183
0.374627
-0.141918
0.736858
1.698024
0.080561
0.406523
-1.123152
0.573301
-1.095982
0.158127
-0.179556
0.529949
-0.828841
-2.474454
-0.758499
1.253436
1.371912
-0.052541
-0.064083
0.396272
0.277269
0.009462
-0.207196
1.419325
0.984158
0.511005
0.392502
-1.694007
-0.165385
0.839203
-0.232947
0.358336
-0.317733
1.091066
1.744409
1.442719
-1.399300
-0.212368
-0.893144
-0.996050
0.532229
-1.058678
1.314766
-1.524999
0.529647
-0.944791
0.239528
-0.948125
0.052458
-1.949246
-1.089453
-0.776387
0.433279
-0.907404
-1.768329
1.197421
-0.427547
0.501564
0.738249
-1.503610
-0.270938
0.725585
-1.661483
1.312811
-0.218533
0.178586
0.294110
-0.323661
0.707493
-0.629509
-0.247735
0.558591
0.528831
1.844314
-0.887847
-0.465203
0.036954
0.285915
-0.278858
0.392665
1.824614
-0.352294
0.585076
-1.205644
0.547073
1.029369
0.336015
0.185477
-0.890619
0.438304
0.002721
-0.776880
-0.118565
0.120014
-0.955969
-0.996141
0.360039
-2.423520
0.441363
-0.832830
0.380409
-0.840054
2.058055
-1.954595
-2.150649
0.584729
-0.356729
-0.851304
0.048925
-0.310591
2.964542
1.899442
-0.118524
-0.510226
-0.976017
-2.014186
0.541154
-0.992014
0.588977
-0.343940
0.614323
-1.563699
0.869815
-0.993772
-0.407573
1.126569
-2.185944
0.441927
-0.412453
1.022863
-1.097488
1.564018
2.218494
-0.913769
-0.996451
-0.040991
1.385141
0.483786
-0.647347
-0.030904
0.427695
0.185419
-0.183655
1.151180
0.910303
0.914180
-0.396928
2.072343
-0.371415
0.515021
-1.490377
0.060698
0.404536
-0.633939
1.269371
0.251798
0.972619
-1.048876
-0.638953
-0.244968
0.818320
0.966892
0.073043
0.688730
-0.052677
-1.690706
0.331005
-0.164781
-0.471474
1.314867
-1.614750
-0.098320
0.161515
0.082563
-3.293004
0.925466
-0.920233
1.003576
-0.949080
-0.564343
0.932944
0.156159
-1.189797
0.234974
0.283177
0.667586
-1.302595
0.542688
0.316229
1.923740
-0.859753
-0.507054
0.964291
0.156314
-2.611991
1.018451
2.117140
1.286030
1.926384
-0.129828
1.063945
-0.709424
-0.509196
-1.526232
1.114783
1.273052
-0.275705
-0.551613
0.663694
-1.793723
1.577958
0.335222
0.229727
1.818333
0.136750
0.317765
-0.068097
-2.432106
0.210306
1.707762
-0.210414
-0.753495
-0.002616
-0.352061
0.430115
-1.175305
0.419814
-0.471398
0.425226
-0.341893
-0.586229
1.748204
-1.575052
-0.318602
1.023301
-0.941368
-0.163369
0.899394
-0.297724
0.724455
0.478769
-1.747770
1.698995
-0.877673
0.449439
-1.169361
0.592562
0.164474
-0.754091
-0.840301
-0.081324
-0.336379
-0.404168
0.531224
1.747056
1.239154
0.802600
1.378371
-0.425967
-1.457598
-1.569347
-1.097068
-1.029546
2.438960
-1.514726
-0.751538
0.793708
-1.096262
-1.099373
0.277000
0.454446
1.397264
0.106565
-1.985512
0.414466
0.576673
-2.403494
-0.470823
-0.637987
0.620474
-0.905631
-0.579968
-1.311419
1.655008
-0.375137
0.020400
-0.177392
0.353495
1.065637
1.340268
0.567295
0.799980
-0.021354
0.550350
-0.599530
-1.041579
-0.086727
-1.193833
-0.289739
-2.497004
0.413203
0.305158
-0.391127
0.781585
-0.866867
-0.532333
-0.334791
-0.515227
0.744668
-0.861782
0.151027
1.118400
-1.081547
0.972647
-0.083777
-1.254480
-0.200716
0.385548
-0.768625
-0.690274
0.252366
-1.201357
1.472535
0.792667
0.587283
0.357430
2.308919
-0.454611
0.234230
-1.537866
0.038869
0.220977
1.038748
-0.163735
0.699458
-0.534803
-0.288863
-0.034675
0.096088
1.135803
-1.481312
-0.084214
0.075922
0.744353
-0.087766
-0.923577
-0.543509
-0.291202
-1.320763
1.705991
0.866800
-1.140374
-0.795733
0.451542
0.107503
0.712270
0.936730
0.452808
0.864342
-0.908708
-0.098273
-0.453848
0.951827
-0.325067
0.015168
-1.733243
0.305299
0.219027
0.346039
0.810981
0.243445
-0.344247
-0.581716
1.028581
1.443530
-0.974115
0.043556
-0.153401
-1.875736
-0.677931
1.032225
0.272514
0.616797
1.351880
0.894371
0.208464
-0.018282
-0.124227
-2.545559
0.508969
1.144037
0.827759
0.816778
0.627736
0.269734
-0.970276
-0.928587
2.009484
0.439663
0.364060
-1.502227
0.073708
0.133999
0.878473
0.545753
-0.072841
0.527265
-0.789479
1.014609
-0.654657
-0.113679
0.739591
0.610597
-0.455643
-1.144876
1.052736
-1.140764
-0.534472
-0.078744
0.844676
0.291681
-0.364355
-0.107348
1.685749
-0.800129
-0.396914
1.714446
-0.370808
0.215728
-0.996608
1.258508
-0.647756
0.599285
-0.488801
0.982819
1.716034
0.581775
-1.409899
1.507370
-0.559200
0.477022
1.530151
-1.206804
-1.642820
-0.868928
-1.046279
-1.326187
0.192255
1.393932
1.632788
-0.023137
0.722098
-0.462804
1.866123
0.706123
0.083493
0.827268
-0.377091
0.150314
-1.426274
0.696038
2.857098
-0.910349
1.166681
0.185269
1.165710
0.510670
0.744640
0.979388
-1.486916
-0.049543
-0.331104
0.189592
-1.653710
-1.255208
0.817612
0.980274
1.747410
1.488757
0.682429
-0.093572
1.470193
2.681245
-1.031857
-0.555183
0.594433
-0.855759
-0.296566
-0.936831
-0.764720
-0.063409
-0.196053
-1.732541
-0.364205
-1.408235
0.893907
0.834270
1.177385
-1.924434
-1.441780
-0.898688
-0.618215
-1.082497
-0.132083
-0.488641
0.971842
-0.165726
0.719584
-0.201601
0.096432
0.058686
-0.683982
0.543256
-0.299445
0.484046
-0.691857
-2.501399
-1.151517
1.481566
0.200096
-1.052738
0.275631
-0.641461
-0.325484
-3.003744
0.395119
-2.048877
0.362906
-0.755377
1.564260
-0.443107
-0.555528
-0.484196
0.023946
-0.216070
-0.942789
0.042833
0.056634
-0.788435
0.378993
-1.298731
2.110473
-2.107724
0.244068
2.455668
1.079313
0.599159
-0.163134
0.610634
0.132974
0.784134
0.576869
-0.301098
1.257652
-0.040373
1.015665
0.332208
0.568051
1.042187
0.674299
-0.333382
-0.267771
-1.871283
1.193180
0.558886
-1.175150
0.214509
0.527503
0.162536
1.120128
1.530543
-0.142173
-0.538311
-1.437761
-0.605085
0.341550
-0.190600
1.102268
-0.553260
-1.636032
-0.869425
-0.069050
-0.408454
-1.526940
-1.504362
0.501525
-0.934013
-0.704836
1.199462
0.353059
-0.191510
0.642810
0.982031
0.159294
-0.544201
0.882911
-0.432430
0.486027
1.812043
-1.867382
0.266220
0.549147
-0.691971
-2.401601
0.237793
-1.099706
1.102807
-0.648494
-0.685123
-0.156894
1.313809
0.426432
-0.966434
-0.780035
-0.207513
-2.283280
0.790037
-0.761497
1.543577
-0.248450
0.028921
0.660677
-1.743399
-0.227298
1.592324
1.124816
1.316855
-0.223112
1.561530
-0.873719
1.404126
-1.491050
-0.111649
-0.052366
0.037758
-0.008109
-0.909156
-1.752556
0.869223
0.363979
-0.786831
0.063963
0.671848
-0.703394
-2.174792
-0.475077
0.583335
0.243354
0.773490
0.619888
0.180570
-0.542779
0.989885
0.023238
-0.319628
-1.230440
0.110905
-0.464077
0.448851
0.843488
1.744546
-1.010401
0.244168
0.461272
-0.353083
-1.254385
0.411815
-0.185489
0.854655
-0.443659
-0.485095
0.262866
1.128150
-1.588603
-1.299813
-1.238178
-1.292334
-0.074297
-0.364182
1.478000
0.176110
-1.839399
-1.225097
-1.062279
-0.367078
-0.206515
-0.677840
-1.045068
-1.610015
0.872211
-0.340467
-0.066451
1.298926
-0.798296
0.638678
0.563878
-0.854782
2.693840
0.674874
0.696528
-0.398043
0.966973
1.438030
0.916690
-2.209584
-1.363926
-0.479039
0.542263
-0.359567
-1.133331
0.390785
-1.050567
0.154601
-1.409092
1.648416
-0.190957
-0.488863
-1.450024
0.054786
-0.107402
0.448984
0.335612
-0.091532
-1.224565
-1.202838
0.659446
0.665409
0.644560
-0.179934
-0.249364
-0.872332
-0.202441
-0.619893
-0.753644
1.068139
1.269937
-1.657471
-0.842942
0.914643
0.361422
-0.703263
-0.952939
-0.392040
-0.295950
2.909048
-0.740673
-0.886735
-1.089851
-0.003816
0.588879
2.106620
-1.451805
-1.091869
0.376670
-1.921957
1.480808
0.305338
-2.578515
0.952847
-1.469932
0.711547
1.577558
0.275005
0.441109
0.417543
-1.568030
-0.230513
0.624649
0.107786
1.538158
1.003038
-0.025733
0.478851
0.278459
-0.646270
0.557395
-3.311743
-0.409174
1.168420
-0.264792
0.550328
0.080395
0.933247
0.219934
-1.274076
1.581556
0.732661
0.686706
-0.917704
1.129453
0.993922
0.078011
1.603887
-1.032446
-1.660537
-0.184810
-0.127744
-0.943506
-2.046489
0.745846
-0.361467
-0.957025
0.944410
0.173328
1.582707
-0.009837
-1.872382
0.653998
1.123886
0.821440
0.561715
1.010726
-1.688772
-0.952550
0.341882
-0.843149
1.163510
-0.975218
-0.109466
0.899438
0.074457
-0.218383
0.110457
-1.252293
-0.427814
-1.573057
-0.126811
1.598016
0.642461
-0.405070
-1.131477
-0.422821
-1.528181
-1.296060
1.606258
0.696066
1.085624
0.161796
0.147199
1.087807
-0.117705
-1.185883
0.820766
0.638061
-1.151126
1.315006
-1.735675
0.654246
1.323453
1.702727
-1.380198
-0.265023
-0.005523
-0.076255
-0.590625
-0.453669
-0.549445
-0.381481
-0.178801
-1.169991
0.886779
-0.579925
1.970103
0.252424
0.925871
-1.093027
0.776088
-0.413236
-2.403241
-1.233436
-1.155417
-0.298091
0.208920
0.003126
-0.879449
-0.453073
0.231530
0.117147
0.372352
1.140098
0.674984
1.381543
-0.283543
-1.418267
-0.057547
0.965876
0.449847
-0.934640
0.892149
-0.803847
-1.537562
1.562877
0.330895
1.598710
1.145723
2.741702
1.162995
0.795799
-0.740465
-0.965362
-0.137859
0.625220
-0.394629
0.460851
-0.107447
-0.446583
-0.103304
0.605778
0.309465
-0.083301
-0.777750
0.244468
0.336754
-2.311464
-1.474047
1.213121
0.900057
-1.051451
-2.650166
0.871635
0.496107
0.272333
0.893958
-0.223517
-0.034297
-1.707848
0.231732
0.164066
-0.059386
1.420830
1.231023
1.534433
0.803579
0.203126
0.776610
-0.038506
0.009520
0.363266
-0.666606
-0.278219
-1.863297
-0.588844
-0.268294
-0.077371
-0.769651
-0.896642
0.396880
0.209531
3.702027
-0.592123
0.721348
-0.306971
0.622659
-0.922536
-0.637383
-0.376963
2.300369
-0.214744
1.273859
1.540704
-0.456216
-1.382990
-0.561833
-0.786696
0.110717
1.007542
0.337721
0.563172
-1.447060
-0.307812
0.497941
-0.697108
-1.678415
-0.422719
0.122517
0.752829
1.799531
0.100090
-1.354426
-1.008380
-0.739019
0.180771
-2.059706
0.603822
1.529941
0.826761
-0.312508
1.389680
-0.982074
0.158165
-1.151212
1.017838
0.089435
-0.297031
-0.687795
-0.613012
0.626691
0.138293
0.829177
-0.392640
0.255466
0.050523
-0.126355
1.892101
1.158054
0.675040
-0.410526
0.902774
-0.084570
0.161035
-0.005253
-0.371464
2.300634
-1.143887
0.117653
0.260787
2.003209
2.505606
0.111587
-0.619240
-0.182506
0.792359
-1.326981
0.095920
0.099520
-0.274008
-1.310702
-0.470417
-0.658316
1.721185
-0.216285
0.138525
0.357999
1.535968
-1.286994
1.347574
-1.387708
0.283571
-1.854241
-1.031098
-1.422469
-0.225413
-0.337794
0.423503
-1.951094
1.443299
-1.869391
-0.716133
1.183664
0.200740
0.376680
0.706628
-1.760461
2.330592
-0.624229
0.356338
-0.353265
0.856840
-0.316934
1.963525
1.580257
-1.243678
0.728493
0.224276
-1.227085
2.777994
0.974536
1.054123
-0.777390
-0.453368
-0.186699
-0.739338
0.729833
0.937611
-0.375412
-1.913752
1.000244
-0.088962
-0.019520
-0.901054
-0.352321
0.485437
0.202248
-1.031271
0.137376
0.520469
-0.536573
-0.044339
-0.228156
-0.262458
0.684548
-1.598055
0.854024
0.137359
0.277536
2.463976
0.649553
-0.804205
1.210930
-0.461580
0.453938
2.240269
2.109523
-1.245301
1.401760
0.685119
-2.575140
-0.340292
-0.144413
-0.173817
0.830038
0.178064
0.514216
-0.182814
0.640174
-1.647224
0.559433
1.104106
-0.168617
-0.139956
-1.028852
-0.687059
0.041925
1.759843
1.557302
0.718043
-0.647069
0.269641
0.719734
1.017348
-0.065941
0.564972
0.046096
0.519773
1.300509
-0.052132
-1.250559
-0.115863
0.214595
0.803896
-0.003326
-1.980141
-0.834671
1.153034
0.841336
-0.546637
1.862433
-0.869175
0.708861
-0.164173
-0.854093
-0.424193
0.029543
0.800604
0.384156
-0.198490
-1.011161
-1.891301
-1.550866
1.199853
-0.663921
0.688671
-0.109509
-0.020130
-0.068938
0.445726
-0.995139
-0.810815
-0.839314
1.873286
-0.646365
-0.874523
2.077153
-1.019935
0.495169
0.621890
1.490756
-1.097665
0.047346
0.036416
0.930015
-0.692002
0.204958
-0.670518
0.859165
-0.081916
-0.813367
-0.674918
-0.836671
1.254151
0.427158
-2.528234
-0.100140
-0.697587
-0.202476
0.620530
0.852499
0.017586
-1.081495
2.425087
1.351356
0.656018
0.240867
1.283561
1.789898
0.587193
-0.451875
-0.597839
-0.889803
0.107400
0.737628
0.814307
-0.231678
0.803619
0.092629
-0.693584
0.276306
-0.360255
0.271655
-0.836335
-0.757106
-0.712955
-0.741499
0.111935
-0.957043
0.305957
0.581650
0.032026
-0.462960
0.673551
-0.667831
0.467266
0.139662
-0.466178
0.800613
-1.891848
-0.161590
0.385585
0.267683
-1.845227
1.827217
-0.932709
0.884262
0.138586
2.188929
-0.369568
-0.807006
1.012610
0.657240
-1.761669
1.792273
-0.488327
2.246161
2.805348
-0.272830
-0.117975
-1.771403
-0.295818
0.189299
0.073226
0.191949
-0.506646
-0.136994
-0.103701
0.497967
0.431699
-0.008949
-0.659914
-1.371505
0.928274
0.736061
0.997459
-0.818985
0.826982
0.170093
0.070371
-0.703965
0.490379
-0.980358
0.243142
-0.399490
0.898119
1.142969
0.310508
-0.457493
1.982558
0.216077
0.575610
0.264148
-1.076810
-0.300067
0.374618
-0.872007
-0.345563
-0.183209
1.674266
-0.850635
-1.113969
-1.741788
0.598129
-1.608470
0.478306
1.217126
-0.644884
1.438460
0.073163
-2.051313
1.034525
0.112880
0.113984
1.872236
1.876794
-1.866376
-0.363039
-0.070534
-2.330458
0.931288
-0.056722
-1.210649
0.330622
0.935967
-0.065842
-0.055655
0.554173
-0.255153
0.511354
0.380337
-0.357098
-0.640083
1.534037
-0.485214
-2.014519
1.641819
-0.627755
-1.312461
-2.081634
0.591605
1.774229
1.639194
1.750010
-0.861186
-1.385143
0.294247
-0.391392
0.734289
0.651156
-0.135979
0.006483
-1.529013
2.031636
-0.444569
0.088538
-0.832271
0.116451
-0.379489
1.232614
0.878693
2.236946
-1.133128
-2.352764
-1.125802
1.611431
0.074956
-1.144549
-0.835784
-0.668891
0.780594
-0.190322
-0.202738
-0.305880
0.389461
-1.573666
-0.467728
0.904833
0.825420
-1.244422
-0.744621
-0.375747
0.214681
0.263378
0.434899
0.068146
0.912977
-0.844581
1.110379
0.239790
-0.111650
0.184156
-1.522573
0.212181
-0.974490
-0.979605
-0.092273
0.146051
-0.387074
-0.262671
-0.559023
-1.851742
-0.108067
0.720395
-1.241732
-1.257717
-1.800876
1.726980
0.343587
-0.445508
0.000975
0.814992
-2.513221
-0.180132
0.552256
-1.021690
0.683222
-0.790646
0.813719
-0.031853
-1.745288
-1.367510
-0.412521
2.074113
0.734111
-0.895034
0.189211
-1.882779
-0.127549
0.391691
-1.381954
-0.907826
-0.591390
0.938981
2.605477
1.520977
-0.618502
0.641539
-0.443020
-0.176894
1.153262
1.323575
1.722468
2.596292
-0.105479
0.864583
-0.853212
