1.442631
-0.018083
0.639115
-0.646620
-0.687229
1.117439
0.090359
1.588589
-0.443182
0.744325
0.264994
0.884140
0.298205
-0.487417
0.320393
-1.022005
-1.192686
0.009267
0.735902
0.214595
0.347480
1.620134
-1.119231
0.526240
-0.762195
-0.262771
-1.556406
1.683290
-0.693206
1.762850
0.355991
0.442245
-1.298424
-0.824622
0.103920
0.837653
1.048840
0.083417
-1.047981
-0.779882
-1.593966
-0.905501
-0.400181
-2.233927
1.662633
-0.738607
0.763558
-1.144760
1.932980
2.079190
0.383440
0.447286
-1.273052
0.736205
-0.636905
-0.938466
0.131288
-0.284561
0.056205
1.126383
-0.229215
-1.878431
-1.013726
-0.342071
0.321363
-1.966115
0.908303
1.940114
0.114825
-0.625003
0.327673
-3.385408
0.212576
0.508153
0.974532
-0.208932
0.475614
1.941663
0.019447
-1.918326
1.135451
-0.283089
-0.764176
0.959935
0.595197
-0.654552
-1.118269
1.503263
0.829057
-1.485951
-0.252392
-0.193556
1.184553
0.225657
-1.173916
-1.576704
0.107914
0.047461
0.624449
-0.801127
-1.659929
1.890622
0.220677
0.936216
1.465707
0.139221
0.909994
-0.472760
-0.309621
-0.967800
2.715211
-0.503826
-1.628616
-1.107679
-1.633222
0.361048
-0.383245
0.415536
0.164319
-0.659304
-2.696305
-0.696791
-0.789617
-1.237091
-2.075926
1.370309
-1.791228
-0.879781
0.284222
-1.508049
-0.019131
1.463665
0.668848
-0.624665
-0.713252
-0.188175
0.922652
0.459335
-0.047276
-0.492257
-1.517766
-0.106469
1.951027
0.109889
0.332565
1.976238
0.667121
0.884505
0.893140
-0.811296
-2.084436
-0.528503
2.378823
-0.443304
0.791567
0.309104
0.399639
0.851111
-0.975846
0.136090
-1.449275
-2.011105
0.435490
-0.407364
0.202941
-0.776646
-0.175426
0.554054
0.281146
-0.302644
0.484971
1.012431
0.716373
0.653927
-0.723602
-0.463768
-0.631060
-1.359916
-2.193760
0.932581
-1.834467
-0.504789
-0.917389
-0.419763
1.509842
-0.687925
-1.708724
-0.469414
-0.236070
-0.822169
-0.966428
0.371363
0.662726
-0.731623
-1.395061
-0.577114
0.739214
-0.995390
0.773317
-0.348414
0.469039
-0.178387
-0.390243
-0.127714
0.064214
0.959452
0.916050
1.015507
0.301591
0.253857
-1.878956
-0.268003
-0.263045
-1.642546
-0.252152
0.143279
0.246504
1.653582
-0.759634
-1.114606
-0.628762
0.678502
-0.002791
-1.241663
1.664978
1.625373
-1.877594
-0.486861
0.888136
0.137288
-0.552333
-1.138947
-0.811158
0.036824
1.445573
-1.288846
-0.044059
0.579958
-2.353687
0.472138
-0.159794
1.192940
0.897019
-0.372107
0.103678
0.742395
-0.769791
0.412258
-1.084347
0.888253
-0.205629
0.429565
-0.863337
-0.998974
0.742825
-0.360180
-0.168032
0.181771
-0.362788
-1.367603
-0.723690
-0.148327
-1.620866
-0.165397
-0.847641
1.194764
-0.419486
-1.251530
-1.838641
1.379350
0.742332
0.405464
1.007113
-0.069138
-1.061373
-1.231673
-0.459185
-0.830006
0.434110
-1.285525
-0.268548
-0.500704
2.306918
0.946611
-0.308504
-0.524750
-0.101939
-0.877501
1.714817
-0.627392
1.585653
0.018451
1.297414
-0.850111
0.859194
-0.481190
0.218110
-0.778019
0.426925
-0.958933
0.306495
0.248494
-1.172824
0.329903
-0.714836
0.164525
0.368727
1.134294
0.628130
-0.212956
1.635461
1.190744
0.078876
-0.481969
0.383963
-0.029037
-1.150566
0.731967
0.211807
0.147091
-0.270782
0.618999
-1.565889
1.199169
0.060390
0.841134
0.833181
-0.334390
-1.193051
-1.701211
-0.484629
0.879544
1.059283
0.401454
0.926294
-1.406420
1.118946
0.322667
-0.548402
-0.310933
1.771079
-0.078832
-2.125307
0.686400
0.617426
-0.108739
-0.152340
-0.173419
-1.092795
-0.747319
0.141045
0.643288
0.295710
-0.325869
-0.798935
0.247481
1.003846
-1.361747
-0.772580
1.384208
-0.804517
-1.316071
1.265410
0.491689
0.525260
0.712840
-0.277898
-1.571022
0.822696
0.161833
-0.230021
0.660064
-0.831406
-0.588895
2.420857
-0.224165
-1.699027
-0.962614
0.973631
1.110078
-0.259892
-2.147582
-0.347475
-0.661872
-0.246921
-0.626646
0.923557
-1.028391
0.219407
-0.478383
-0.322381
-1.130162
-0.034549
0.247626
0.783906
0.394245
-1.637503
0.616288
1.083984
-0.976488
0.024982
0.924072
1.132150
1.263255
-0.603445
0.934805
0.828815
-0.320270
0.111076
-0.051375
-0.392713
0.347656
0.361946
-1.484872
-0.490667
0.864933
-0.577594
-0.961654
0.363544
1.452324
-0.843997
-0.017732
1.234018
0.151558
0.912360
-0.940323
0.121011
1.192961
-0.711946
0.846053
-0.246682
0.655644
-1.418806
0.024170
1.608514
-0.059519
-0.118639
-0.464839
0.138762
-0.905611
1.170771
0.439699
-1.606103
-0.916843
-0.330955
1.032308
-0.030986
1.261041
-1.112149
0.079566
-0.732752
0.791270
-1.136047
0.719062
-0.668163
0.599566
-0.334856
-0.679876
1.064068
0.180854
-0.351568
0.647521
-0.373122
0.508633
-1.764910
-1.012749
-1.154958
-0.180999
1.537689
0.154201
-0.081129
-2.457351
0.148869
0.844800
0.184769
-0.988297
-0.447320
-2.712919
1.236619
0.198745
2.326433
0.363436
1.000846
-1.170144
1.140572
-0.809710
-0.234352
-1.078951
0.764156
-1.315212
0.084674
1.502707
2.023157
-0.974194
1.022478
-1.048647
-3.028237
-0.125417
0.301689
-0.093206
-0.000304
0.541180
-0.807983
0.667144
-1.959228
0.354841
-2.556609
-2.209770
0.579609
0.558972
0.590825
0.184304
-0.934325
-0.451228
-0.531829
-1.414878
0.966190
-0.442449
-0.804444
-0.444435
0.651796
-1.586797
-0.220953
-0.421616
-0.020269
0.059447
0.169269
0.104822
1.420456
-0.205454
0.957381
0.127695
-0.283309
-0.441139
0.385158
-1.158164
-0.352765
-0.173035
-0.513537
0.088363
0.357365
-0.051465
-0.827770
0.598609
0.727945
-0.797166
-1.301549
1.415146
0.075637
-0.099568
-0.387084
0.800958
1.315462
0.888856
0.521905
-0.317755
0.254240
2.301142
-0.105989
0.141223
-0.822540
-0.799454
-1.885476
-0.499310
2.838001
1.332467
-1.795555
0.744171
-0.945952
-0.720681
0.469714
0.562757
-0.599902
-0.045837
0.706453
1.476533
-0.721643
-0.138184
-1.558949
-0.357421
0.395994
-0.093518
-0.124264
0.309262
0.631221
0.892799
1.055940
-0.160528
1.061047
0.829970
0.765251
-0.513917
0.780606
1.192032
1.654649
1.386747
-0.441156
0.584494
1.405630
0.270657
-1.046584
0.995412
1.117862
-0.703975
0.790866
-0.779409
-1.109304
-0.604723
-0.920097
-0.437503
-1.230124
0.457637
-0.665145
0.926270
-0.432987
1.945817
-1.547912
1.702088
0.037057
0.810025
-2.183017
-1.503774
-0.599389
0.490429
1.215406
1.036501
0.428918
1.810619
-1.227420
0.313605
1.082817
2.369847
-1.299519
1.982935
-1.275849
0.837632
-0.461483
2.306134
-1.447290
-0.515620
-0.853026
1.017601
1.783156
2.454499
-0.702396
-0.360275
0.864598
0.217108
-0.885503
-1.249740
-0.116939
0.751999
0.586573
-0.420100
-0.093361
-0.251387
0.667004
-1.852171
-2.520062
-1.355115
-1.013354
-0.399707
-0.016620
0.178509
-0.351003
-0.031353
-0.450624
1.195967
-0.446242
-1.753525
1.607591
-1.195503
-0.244037
1.910491
0.439146
0.334300
1.255000
0.613323
-1.502025
-1.158976
-0.721379
1.194975
-0.801151
-0.801830
-1.584444
-0.470151
1.191187
-0.199289
-0.679803
1.089815
0.024811
0.724667
2.513906
0.696247
-0.549219
0.388527
-1.558243
-0.596101
0.179268
0.734999
-0.408783
1.622169
-0.234677
1.064914
1.151720
-1.097584
-0.682137
-1.459717
-0.997982
-0.169663
0.951590
-1.670578
-1.243404
0.392269
0.590274
-1.054923
0.599108
1.825455
-1.040058
1.147570
-0.544102
0.432120
-0.330533
0.689806
-1.725903
0.953619
0.056649
0.047453
0.728379
0.872128
0.031804
-0.760765
-1.181688
-1.325814
0.117987
-1.345324
-1.491350
0.457428
0.252378
-0.931317
-0.001897
1.101578
-1.228540
1.149592
-1.605491
1.491299
0.404399
0.982891
0.039740
0.527890
-0.180611
-0.719460
-0.454544
0.452578
0.549339
0.406884
0.571538
0.033406
-0.131174
-0.981834
0.311071
0.807176
-0.732267
-0.247123
-0.890933
-0.643133
-1.049696
3.444724
-1.338224
-0.103787
-0.607188
0.924084
1.671733
1.627915
1.698024
0.396272
1.442719
-0.776387
-0.323661
-1.205644
-0.832830
-2.014186
1.564018
2.072343
0.688730
-0.564343
1.018451
0.335222
-0.471398
-0.877673
-1.457598
0.576673
0.799980
-0.515227
0.792667
1.135803
0.712270
-0.344247
-0.124227
0.878473
0.844676
1.716034
0.722098
0.744640
-1.031857
-1.441780
-0.691857
-0.555528
-0.163134
1.193180
-1.636032
0.882911
0.426432
-0.797889
-0.703394
-2.000301
-0.224048
-1.062240
0.762175
0.002034
0.353350
-1.802828
0.080561
0.277269
-1.399300
0.433279
0.707493
0.547073
0.380409
0.541154
2.218494
-0.371415
-0.052677
0.932944
2.117140
0.229727
0.425226
0.449439
-1.569347
-2.403494
-0.021354
0.744668
0.587283
-1.481312
0.936730
-0.581716
-2.545559
0.545753
0.291681
0.581775
-0.462804
0.979388
-0.555183
-0.898688
-2.501399
-0.484196
0.610634
0.558886
-0.869425
-0.432430
-0.966434
1.561530
-2.174792
1.744546
0.585684
-0.552356
1.807837
-0.856449
-1.217842
-0.461212
0.406523
0.009462
1.029839
-0.907404
-0.629509
1.029369
-0.840054
-0.992014
-0.913769
0.515021
-1.690706
0.156159
1.286030
1.818333
-0.341893
-1.169361
-0.491703
-1.422470
0.550350
-0.861782
0.357430
-0.084214
-0.524179
1.028581
0.508969
-0.072841
-0.364355
-1.409899
1.866123
-1.486916
0.594433
-0.618215
-1.151517
0.023946
0.132974
-1.175150
-0.069050
0.486027
-0.417735
-0.873719
-0.475077
-1.010401
-1.165026
2.289888
-0.687744
0.453009
0.215123
-1.289370
-1.123152
-0.207196
-0.893144
-1.768329
-0.247735
0.336015
2.058055
0.588977
-0.996451
-1.490377
0.331005
-1.189797
1.926384
0.136750
-0.586229
0.432177
-1.029546
-0.637987
-0.599530
0.151027
2.308919
0.075922
0.864342
2.354691
1.144037
0.527265
-0.107348
1.507370
0.706123
-0.049543
-0.855759
-1.082497
1.481566
-0.216070
0.784134
0.214509
-0.408454
1.812043
-0.207513
1.404126
0.583335
0.244168
-1.926228
0.785507
0.007520
0.738400
-0.441719
-0.431941
0.573301
1.419325
-0.996050
1.197421
-1.089432
0.185477
1.410758
-0.343940
-0.040991
0.060698
-0.164781
0.234974
-0.129828
0.317765
1.748204
0.164474
2.438960
0.620474
-1.041579
1.118400
-0.454611
0.744353
-0.908708
-0.974115
0.827759
-0.789479
1.685749
-0.559200
-0.729107
-0.331104
-0.296566
-0.132083
0.200096
-0.942789
0.576869
0.527503
-1.526940
-1.867382
-2.283280
-1.491050
0.243354
0.461272
-1.103950
0.266699
-0.496196
0.063837
-0.375405
0.765967
-1.095982
0.984158
0.532229
-0.427547
0.528831
-0.890619
-2.150649
0.614323
1.385141
-0.677857
-0.471474
0.283177
1.063945
-0.068097
-1.575052
-0.754091
-1.514726
-0.905631
-0.086727
0.948743
0.234230
-0.087766
-0.098273
0.043556
0.816778
1.014609
-0.438640
0.477022
0.827268
0.189592
-0.936831
-0.488641
-1.052738
0.042833
-0.301098
0.162536
-1.504362
0.266220
1.684118
-0.111649
0.773490
-0.353083
0.118579
1.295267
-0.491981
0.884638
-0.373404
-0.044419
0.363565
0.511005
-1.058678
0.501564
1.844314
0.438304
0.584729
-0.546630
0.483786
-0.971808
1.314867
0.667586
-0.709424
-2.432106
-0.016086
-0.840301
-0.751538
-0.579968
-1.193833
-0.707666
-0.645771
-0.923577
-0.453848
-0.153401
0.627736
-0.654657
-0.396914
-0.155581
-0.377091
-1.653710
-0.764720
0.971842
0.275631
0.056634
1.257652
1.120128
0.501525
0.549147
-0.761497
-0.052366
0.619888
-1.254385
0.420697
1.660972
0.878401
-0.744572
0.233877
0.552786
-0.179556
0.392502
1.314766
0.738249
-0.887847
0.002721
-0.356729
0.869815
-0.647347
1.269371
-1.614750
-1.302595
-0.509196
0.210306
1.023301
-0.081324
0.793708
-1.311419
-0.289739
-0.083777
1.477507
-0.543509
0.951827
-1.875736
0.269734
-0.113679
1.714446
-1.206804
0.150314
-1.255208
-0.063409
-0.165726
-0.641461
-0.788435
-0.040373
1.530543
-0.934013
0.905448
1.543577
0.037758
0.180570
-0.661595
-1.325096
1.698042
0.085221
-0.583866
0.875998
-1.499271
0.529949
-1.694007
-1.524999
1.627319
-0.465203
-0.776880
0.753545
-0.993772
-0.030904
0.251798
-0.204862
0.542688
-1.526232
1.707762
-0.941368
-0.336379
-1.096262
1.655008
-2.497004
-1.254480
0.220977
-0.291202
-0.325067
-0.677931
-0.970276
0.739591
-0.370808
-1.642820
-1.426274
0.817612
-0.196053
0.719584
-0.325484
0.378993
1.015665
-0.142173
-0.704836
-2.401601
-0.248450
-0.008109
-0.542779
-0.185489
-1.255089
-0.652427
-0.637743
1.164199
-0.686154
-1.568211
-0.828841
-0.165385
0.529647
-0.270938
0.036954
-0.118565
0.048925
-0.407573
0.427695
0.972619
0.161515
0.316229
-0.359324
-0.210414
-0.163369
-0.404168
-1.099373
-0.375137
0.413203
-0.200716
1.038748
-1.320763
0.015168
1.032225
-0.928587
0.610597
0.215728
-0.868928
0.696038
0.980274
-1.732541
-0.201601
-3.003744
-1.298731
0.332208
-0.538311
0.107780
0.237793
0.028921
-0.909156
0.989885
0.854655
-0.073194
-0.063907
-1.180740
0.801093
0.681081
-1.015157
-2.474454
0.839203
-0.944791
0.725585
0.285915
0.120014
-0.310591
1.126569
0.185419
-1.048876
0.082563
1.923740
1.273052
-0.753495
0.899394
0.531224
0.277000
0.020400
0.305158
0.385548
-0.151176
1.705991
-1.733243
0.272514
2.009484
-0.455643
-0.996608
-1.046279
2.857098
1.747410
-0.364205
0.096432
0.395119
2.110473
0.568051
-0.409023
0.353059
-0.938384
0.660677
-1.752556
-0.910063
-0.443659
0.490814
1.485350
-1.678548
-2.169231
-0.598059
-0.980479
-0.758499
-0.232947
0.239528
-1.661483
-0.278858
-0.955969
2.964542
-2.185944
-0.183655
-0.638953
-3.293004
-0.859753
-0.275705
-0.002616
-0.297724
1.747056
0.454446
-0.177392
-0.391127
-0.768625
0.699458
0.866800
0.305299
0.616797
0.439663
-1.144876
1.258508
-1.326187
-0.910349
1.488757
-1.408235
0.058686
-2.048877
-2.107724
1.042187
-0.605085
-0.191510
1.102807
-1.743399
0.869223
-0.319628
-0.485095
0.498497
-0.535844
-0.211861
0.550925
-0.101755
1.888183
1.253436
-0.059289
-0.948125
1.312811
0.392665
-0.996141
1.899442
0.441927
1.151180
-0.244968
0.925466
-0.507054
-0.551613
-0.352061
0.724455
1.239154
1.397264
-1.183712
0.781585
-0.690274
-0.534803
-1.140374
0.219027
0.139868
0.364060
1.052736
-0.647756
0.192255
1.166681
0.682429
0.893907
-0.683982
0.362906
0.244068
0.674299
0.341550
0.642810
-0.648494
-0.227298
0.363979
-1.230440
0.262866
0.501539
-1.244537
-0.150035
0.109732
0.788141
-0.635364
0.804666
-0.317733
0.052458
-0.218533
-0.660493
0.360039
-0.118524
-0.412453
0.910303
0.818320
-0.920233
0.964291
0.663694
0.458810
0.478769
0.802600
-0.924153
1.065637
-0.866867
0.252366
-0.288863
-0.795733
0.346039
0.148000
-1.502227
-1.140764
-0.896484
1.393932
0.185269
-0.093572
0.834270
0.543256
-0.755377
2.455668
-0.333382
-0.190600
-0.063536
-0.122457
1.592324
-0.786831
0.110905
1.386156
-2.110080
-0.726339
-0.556620
0.259444
-0.689089
-0.141918
-0.052541
1.091066
-1.949246
0.178586
-0.352294
-2.423520
-0.510226
1.022863
0.914180
0.966892
1.003576
0.156314
-1.793723
-1.175305
-1.747770
1.378371
-1.985512
1.340268
-0.532333
-1.201357
-0.034675
1.113063
0.810981
0.208464
0.073708
-0.534472
-0.488801
1.632788
1.165710
1.470193
-1.030858
-0.299445
1.564260
1.079313
-0.267771
1.102268
0.159294
0.424089
1.124816
0.063963
-0.464077
-1.588603
3.236729
0.498780
-1.145004
0.252413
-1.297388
0.736858
-0.064083
1.744409
-1.089453
0.294110
0.585076
0.441363
-0.976017
-1.097488
-0.396928
0.073043
1.079340
-2.611991
1.577958
-0.302058
1.698995
-0.361407
0.414466
0.567295
-0.334791
1.472535
0.096088
0.107503
0.017273
-0.018282
0.133999
-0.078744
0.982819
-0.023137
0.510670
2.681245
-1.924434
-0.630430
-0.443107
0.599159
-1.871283
-0.553260
-0.544201
1.313809
1.316855
0.671848
0.448851
-1.299813
-1.238178
-0.066451
0.542263
-1.224565
0.361422
0.485620
-0.025733
0.686706
0.173328
0.899438
0.696066
-0.265023
-0.413236
-1.418267
-0.470751
1.213121
1.534433
0.209531
-0.786696
-1.008380
-0.613012
-0.371464
-0.470417
0.423503
1.963525
-1.913752
-1.598055
-0.340292
1.759843
0.803896
-0.198490
-0.874523
-0.674918
-0.849038
-0.836335
-1.891848
-0.488327
-0.659914
-0.048993
0.598129
-2.330458
-2.014519
0.006483
-1.144549
0.263378
-0.262671
-1.021690
-0.907826
-1.292334
-0.316120
1.436447
-1.202838
-0.703263
-0.382460
0.478851
-0.917704
0.481985
0.669158
1.085624
-0.005523
-2.403241
-0.569334
-0.137859
0.900057
0.803579
3.702027
0.110717
-0.739019
0.626691
2.300634
-0.658316
-1.951094
1.580257
1.000244
1.492023
-0.144413
1.557302
0.412128
-1.011161
2.077153
-0.836671
1.789898
-0.757106
-0.161590
2.246161
-1.371505
-0.457493
-1.608470
0.931288
1.641819
-1.529013
-0.835784
0.434899
-0.559023
0.683222
-0.591390
-0.074297
-0.411429
-1.133331
0.659446
-0.952939
-2.578515
0.278459
1.129453
-0.009837
-0.906363
0.161796
-0.076255
-1.233436
0.965876
0.625220
-1.051451
0.203126
-0.592123
1.007542
0.180771
0.138293
-1.143887
1.721185
-0.277978
-1.243678
0.750924
0.137359
-0.173817
0.718043
-1.980141
-1.891301
-1.019935
-0.520701
0.587193
-0.712955
0.385585
2.805348
0.928274
1.982558
0.478306
-0.056722
-0.627755
2.031636
-0.668891
0.068146
-1.851742
-0.790646
0.938981
-0.056216
0.638678
0.390785
-1.131256
-0.392040
0.952847
-0.646270
0.993922
-1.872382
0.110457
0.147199
-0.590625
-1.155417
0.449847
-0.394629
-2.650166
0.776610
0.721348
0.337721
-2.059706
0.829177
0.117653
-0.216285
-1.869391
0.728493
1.378445
0.277536
0.830038
-0.647069
-0.834671
-1.550866
0.495169
0.427158
-0.451875
-0.741499
0.267683
-0.272830
0.736061
0.216077
1.217126
-1.210649
-1.312461
-0.444569
0.780594
0.912977
-0.108067
0.948878
2.605477
1.478000
0.563878
-1.050567
0.644560
-0.295950
-1.469932
0.557395
0.078011
0.653998
-1.252293
1.087807
-0.453669
-0.298091
-0.934640
0.460851
0.871635
-0.038506
-0.306971
0.563172
0.603822
-0.392640
0.260787
0.138525
-0.716133
0.224276
-0.901054
2.463976
0.178064
0.269641
1.153034
1.199853
0.621890
-2.528234
-0.597839
0.111935
-1.845227
-0.117975
0.997459
0.575610
-0.644884
0.330622
-2.081634
0.088538
-0.190322
-0.844581
0.720395
-0.031853
1.520977
0.176110
-0.854782
0.154601
-0.179934
2.909048
0.711547
-3.311743
1.603887
1.123886
-0.427814
-0.117705
-0.549445
0.208920
0.892149
-0.107447
0.496107
0.009520
0.622659
-1.447060
1.529941
0.255466
2.003209
0.357999
1.183664
-1.227085
-0.352321
0.649553
0.514216
0.719734
0.841336
-0.663921
1.490756
-0.100140
-0.889803
-0.514747
1.827217
-1.771403
-0.818985
-0.135622
1.438460
0.935967
0.591605
-0.832271
-0.202738
1.110379
-1.241732
-1.745288
-0.618502
-1.839399
2.693840
-1.409092
-0.249364
-0.740673
1.577558
-0.409174
-1.032446
0.821440
-1.573057
-1.185883
-0.381481
0.003126
1.202302
-0.446583
0.272333
0.363266
0.102805
-0.307812
0.826761
0.050523
2.505606
1.535968
0.200740
2.777994
0.485437
-0.804205
-0.182814
1.017348
1.380343
0.688671
0.907470
-0.697587
0.107400
0.305957
-0.984405
-0.295818
0.826982
-1.076810
0.073163
-0.065842
1.774229
0.116451
0.430634
0.239790
-1.257717
-1.367510
0.641539
0.128887
0.674874
1.648416
-0.872332
-0.886735
0.275005
1.168420
-1.660537
0.561715
-0.126811
0.820766
-0.178801
-0.879449
-1.537562
-0.103304
0.893958
-0.666606
-0.637383
0.497941
-0.312508
-0.126355
0.111587
-1.286994
0.376680
0.974536
0.202248
1.210930
0.640174
-0.065941
1.862433
-0.109509
0.047346
-0.202476
0.737628
0.806860
0.884262
0.189299
0.170093
-1.694466
-2.051313
-0.055655
1.639194
0.086242
0.389461
-0.111650
-1.800876
-0.412521
-0.443020
-1.062279
0.696528
-0.190957
-0.202441
-1.089851
0.441109
-0.264792
-0.184810
1.010726
1.598016
0.638061
-1.169991
-0.453073
1.562877
0.605778
-0.223517
-0.278219
-0.376963
-0.697108
1.389680
1.892101
-0.619240
1.347574
0.706628
1.054123
-1.031271
-0.461580
-1.647224
0.564972
-0.869175
-0.020130
0.036416
0.620530
0.814307
0.032026
0.138586
0.073226
-0.498780
0.374618
1.034525
0.554173
1.750010
1.232614
-1.573666
-0.300723
1.726980
2.074113
-0.176894
-0.367078
-0.398043
-0.488863
-0.619893
-0.003816
0.417543
0.550328
-0.425070
-1.688772
0.642461
0.678468
0.886779
0.454727
0.330895
0.309465
-0.034297
-1.863297
2.300369
-0.028089
-0.982074
1.158054
-0.182506
-1.387708
-1.760461
-0.777390
0.137376
0.453938
0.559433
0.046096
0.708861
-0.068938
0.930015
0.852499
-0.231678
-0.462960
2.188929
1.749225
-0.703965
-0.872007
0.112880
-0.255153
-0.861186
0.878693
-0.467728
-1.522573
1.011477
0.734111
1.153262
-0.206515
0.966973
-1.450024
-0.753644
0.588879
-1.568030
0.080395
-0.943506
-0.952550
-0.405070
1.315006
-0.579925
0.117147
1.598710
-0.083301
-1.707848
-0.588844
-0.214744
-0.422719
-0.523164
0.675040
0.792359
0.283571
2.330592
-0.453368
0.520469
1.749105
1.104106
0.519773
-0.164173
0.445726
-0.692002
0.017586
0.803619
-0.260275
-0.369568
-0.506646
0.490379
-0.345563
0.113984
0.511354
-1.092265
2.236946
0.904833
0.212181
-0.445508
-0.895034
1.323575
-0.677840
1.438030
0.054786
1.068139
2.106620
-0.230513
0.933247
-2.046489
0.341882
-1.131477
-1.735675
1.970103
0.372352
1.145723
-0.564189
0.231732
-0.268294
1.273859
0.122517
-1.151212
-0.410526
-1.326981
-1.854241
-0.624229
-0.186699
-0.536573
2.109523
-0.168617
1.300509
-0.854093
-0.995139
0.204958
-1.081495
0.092629
-0.667831
-0.807006
-0.136994
-0.980358
-0.183209
1.872236
0.558850
0.294247
-1.133128
0.825420
-0.595984
0.000975
0.189211
1.722468
-1.045068
0.916690
-0.107402
1.269937
-2.943339
0.624649
0.219934
0.745846
-0.843149
-0.422821
0.654246
0.252424
1.140098
2.741702
0.244468
0.369391
-0.077371
1.540704
0.752829
1.017838
0.902774
0.095920
-1.031098
0.356338
-0.739338
-0.044339
0.181456
-0.139956
-0.052132
-0.424193
-0.810815
-0.670518
2.425087
-0.693584
0.467266
1.012610
-0.103701
0.243142
1.674266
1.876794
-0.357098
-0.391392
-2.352764
-1.244422
-0.979605
0.814992
-1.882779
2.596292
-1.610015
-2.209584
0.448984
-1.657471
-1.091869
0.107786
-1.274076
-0.361467
1.163510
-1.528181
1.323453
0.925871
0.674984
1.162995
-0.149189
-0.059386
-0.769651
-0.456216
-0.722766
0.089435
-0.084570
0.099520
-1.422469
-0.353265
0.729833
-0.228156
1.401760
-1.028852
-1.250559
-0.522653
-0.839314
0.859165
1.351356
0.274631
-0.551121
0.657240
0.497967
-0.399490
-0.850635
-1.866376
-0.640083
-0.075431
-1.125802
-0.744621
-0.092273
-2.513221
-0.127549
-0.105479
0.872211
-1.363926
0.335612
-0.842942
0.376670
1.538158
1.581556
-0.957025
-0.975218
-1.296060
1.702727
-1.093027
1.381543
0.795799
-2.311464
1.420830
-0.896642
-1.382990
0.100090
-0.297031
1.419702
-0.274008
-0.225413
0.856840
0.937611
-0.262458
0.685119
-0.687059
-0.115863
0.800604
-0.434494
-0.081916
0.556008
-0.360255
-0.466178
-1.761669
0.431699
0.898119
-1.113969
-0.363039
1.534037
0.651156
1.611431
-0.375747
0.146051
-0.180132
0.391691
0.864583
-0.340467
-0.479039
-0.091532
0.914643
-1.921957
1.003038
-0.491645
0.944410
-0.109466
1.606258
-1.380198
0.776088
-0.283543
-0.740465
-0.241808
1.231023
0.396880
-0.561833
-1.354426
-0.687795
-0.005253
-1.310702
0.531151
-0.316934
-0.375412
0.684548
-2.575140
0.041925
-1.093247
0.384156
-0.646365
-0.813367
0.240867
0.271655
0.800613
1.792273
-0.008949
1.142969
-1.741788
-0.070534
-0.485214
-0.135979
0.074956
0.214681
-0.387074
0.552256
-1.381954
-0.853212
