-0.696233
1.982935
0.669158
1.380343
0.432177
0.579958
-1.558949
0.103678
1.195967
-0.551121
-0.425070
1.951027
-2.556609
-0.325869
0.924084
-0.316120
-0.063536
-2.943339
0.948878
-1.028391
1.436447
-0.277978
-1.694466
-1.406420
0.457637
1.315462
-0.075431
-0.498780
0.233877
-1.249740
0.181456
-0.514747
-1.131256
-0.438640
-0.234352
0.484971
-0.160528
-1.112149
0.678468
0.828815
-0.260275
0.138762
-1.708724
-0.910063
-0.434494
1.011477
0.454727
-0.779409
0.458810
-0.059289
-0.797889
0.412128
1.386156
-0.954810
-0.522653
-0.668163
-0.938384
0.148000
-0.695691
-0.451228
1.696362
-0.105989
1.316375
1.684118
-2.231518
-0.051465
-0.204862
-1.764910
-0.967800
-0.359324
-1.030858
-0.411429
0.926270
-0.524179
0.353350
-0.152340
0.753545
-0.334390
-0.722766
1.113063
0.804666
-0.268548
-0.470751
1.381580
-0.149189
1.419702
1.029839
0.363565
1.477507
0.368727
-1.217842
-0.564189
-0.302058
0.374474
0.667004
-0.373122
0.088363
2.306918
-0.361407
-0.252152
0.716373
-0.603445
0.086242
0.369391
0.253857
-0.409023
1.749105
-0.150035
-0.966428
0.281146
0.017273
0.736205
-0.630430
1.151720
0.907470
-0.300723
-2.011105
-0.661595
-1.093247
-0.135622
0.430634
1.149592
-0.635364
-0.417735
0.806860
-1.092265
1.134294
-1.089432
-0.122457
2.420857
-0.523164
0.029826
0.107780
-1.725903
-1.422470
-0.362788
-1.576704
-0.729107
0.180854
1.079340
-0.660493
-0.030986
-0.382460
-0.241808
0.531151
-0.048993
1.202302
-0.971808
-0.849038
2.289888
0.274631
1.101578
-2.000301
1.492023
-0.159794
-0.552356
-0.799454
0.327673
-0.520701
0.481985
0.161833
-1.136047
-0.028089
0.558850
-0.906363
0.485620
-0.491981
-1.118269
-0.707666
-0.631060
-0.645771
-1.158164
1.003846
-0.924153
0.556008
0.905448
1.378445
-0.016086
2.354691
-0.151176
-0.056216
-0.569334
-0.491703
0.926294
0.102805
-0.687925
-0.463768
1.265410
-0.896484
-0.546630
-0.317755
-0.984405
-0.108739
0.750924
-1.061373
1.749225
0.948743
0.332565
-0.155581
0.435490
0.884140
-1.183712
0.139868
-0.078832
0.424089
-0.491645
1.627319
1.410758
-0.503826
0.128887
0.541180
-0.492257
-0.513537
-0.677857
-1.414878
-0.595984
